-7, -33, 688, 149, 1466, -993, 2828, -3697, 15871, -24377, 
-336071, -418071, -369432, -342340, -306005, -278614, -248164, -221135, -193968, -169218, 
-145853, -123530, -100212, -78027, -59288, -44659, -29602, -14227, -2585, 10011, 
20926, 29071, 36307, 43545, 49625, 54656, 60448, 64573, 69118, 74584, 
77835, 81693, 86733, 90897, 94685, 98515, 98916, 99548, 101301, 100616, 
98925, 98146, 95614, 93636, 92690, 89556, 84842, 82568, 78256, 73354, 
72067, 69603, 66319, 65019, 63215, 61889, 59707, 59252, 58812, 57976, 
57164, 54471, 51754, 49410, 46889, 41741, 37607, 33653, 28280, 25115, 
22644, 20412, 17068, 14910, 12270, 10588, 11030, 9379, 9232, 8586, 
9472, 9847, 8742, 8485, 9414, 10978, 10468, 9630, 8115, 6379, 
4614, 2392, 2441, 2178, -896, -5213, -5959, -6726, -7722, -6133, 
-6494, -5225, -4280, -4086, -2756, -1344, 697, 936, -111, -86, 
-277, 203, -949, -2281, -2450, -3984, -7107, -9167, -8830, -11960, 
-10591, -9328, -10673, -7293, -6094, -6418, -4670, -1629, -1192, 414, 
3313, 3986, 7214, 8043, 6797, 6148, 4518, 1457, -3406, -5582, 
-7410, -9083, -9820, -10557, -10903, -9699, -8356, -6829, -3151, -1005, 
1462, 3530, 3351, 2959, 3380, 3143, 3249, 2764, 2790, 2645, 
1895, 392, -2352, -4414, -6004, -6227, -6441, -6911, -5933, -3998, 
-1780, -705, -324, 1693, 3125, 3620, 4419, 6393, 7975, 8988, 
8049, 8016, 8404, 5824, 2481, 229, -605, -3447, -4106, -3974, 
-6151, -4876, -4396, -4413, -1980, -1369, -1105, 2425, 4793, 4695, 
6489, 6946, 4421, 5087, 5611, 3557, 4159, 3002, -98, -507, 
-2046, -3562, -3225, -4090, -4243, -3771, -2802, -706, 552, 2763, 
5534, 7655, 5411, 6978, 8397, 5574, 3592, 2610, 1878, -362, 
-1705, -3367, -3828, -5655, -8052, -6605, -7471, -7497, -6955, -6581, 
-4116, -4090, -1057, 1667, 3478, 5207, 5897, 6501, 4481, 4312, 
2233, 349, -529, -2333, -6023, -6889, -5498, -7949, -6048, -2952, 
-2379, -764, 38, -337, -980, -336, -35, 1158, 4351, 5042, 
5471, 5621, 3525, 3590, 2419, 835, -1925, -2493, -2591, -4932, 
-5670, -6596, -6480, -6267, -6971, -5259, -3628, -578, 1722, 3147, 
4066, 4072, 3279, 2803, 2092, 628, 1280, 1564, 206, -403, 
-3972, -5625, -6337, -6808, -5568, -4435, -2251, -1454, -296, 1545, 
2937, 2987, 3629, 5135, 5194, 5726, 5707, 4950, 5272, 4931, 
2884, -32, -2089, -2974, -3260, -4973, -4725, -3585, -3401, -1853, 
-1992, -1856, 1810, 2527, 3595, 5137, 5489, 5374, 4802, 2520, 
-1623, -1713, -2957, -4785, -4930, -2793, -3424, -3595, -3104, -2438, 
-963, -1401, -910, -92, 1559, 3380, 3034, 3999, 4858, 5639, 
4141, 3077, 2947, 2292, 828, 1, -614, -2371, -3322, -3397, 
-5213, -5800, -6223, -4721, -3077, -1169, 85, 1042, 3504, 3357, 
4082, 4433, 3728, 4091, 3463, 2872, 716, -358, -2088, -5113, 
-6188, -5004, -4015, -3581, -2328, -2741, -2274, -1886, -1141, -105, 
2734, 5458, 4480, 5421, 6073, 7488, 6459, 6157, 6418, 4845, 
3524, 1096, 542, -1721, -3844, -4789, -4860, -4247, -4627, -3087, 
-4017, -2986, -44, 768, 2158, 3646, 5581, 4701, 4801, 4768, 
2893, 1978, 343, -343, -1511, -3058, -4527, -5201, -4576, -4587, 
-5401, -4547, -3278, -3845, -3278, -1534, -1191, -417, 222, -402, 
218, 1079, 1055, 1979, 2824, 2913, 2753, 1215, -30, -691, 
-1235, -2609, -4908, -5598, -4760, -3930, -3313, -1687, -1698, -1155, 
468, 1422, 2404, 2868, 1496, -149, -160, -865, -2402, -2903, 
-2887, -3291, -3988, -3473, -2670, -2195, -3094, -3077, -1916, -3178, 
-2437, -1001, -1444, -717, 945, 1258, 1066, 2117, 2349, 2125, 
3048, 2540, 1235, 857, 1585, 1485, 297, -1340, -2053, -1642, 
-2298, -2524, -2020, -1225, -807, -1243, -594, 121, 946, 1306, 
1841, 1848, 65, -381, -1348, -1525, 132, 894, 2428, 3703, 
3614, 2408, 2035, 1519, 1181, 1772, 3445, 4002, 4012, 2241, 
853, 1604, 3140, 5039, 5666, 6155, 5841, 5353, 3096, 933, 
633, 268, -305, -1625, -2792, -2654, -3063, -2608, -296, 815, 
1250, 2132, 3030, 1861, 1191, 1476, 1225, 586, 305, -744, 
-2311, -3216, -2712, -2642, -2619, -2582, -2333, -674, 932, 1317, 
800, 933, 788, 304, 972, 1049, 372, 315, 550, 1533, 
1914, 2039, 2266, 2151, 523, -1722, -3797, -4787, -3753, -4455, 
-6812, -5989, -4072, -2113, -242, 1195, 1029, 951, 1742, 921, 
204, -1395, -1801, -2406, -3420, -4010, -4492, -4564, -4766, -3964, 
-4006, -3678, -2118, -1203, -701, -607, -1328, -2344, -2450, -2001, 
-1517, 422, 2177, 3231, 2728, 1593, 508, 32, -577, -1841, 
-2773, -4373, -4548, -4877, -4338, -3481, -2091, -748, 759, 2569, 
3674, 4626, 4672, 4076, 2633, 748, -742, -1374, -2535, -3002, 
-3457, -3445, -2843, -2979, -2499, -2191, -1308, 475, 1280, 1939, 
2232, 3505, 4284, 2967, 1582, 1334, 2155, 2919, 4153, 4857, 
4684, 4652, 3920, 2107, 1328, 745, 756, 919, 9, -689, 
-1127, -1340, -1378, -693, 948, 1332, 1303, 1778, 728, -722, 
-519, -1123, -2639, -2353, -3022, -3450, -3952, -4676, -5340, -5098, 
-4747, -5040, -4741, -4243, -2928, -2840, -2709, -1045, 1257, 3256, 
3936, 4187, 4912, 4798, 3842, 3097, 2462, 1224, 858, 1137, 
-329, -1166, -1205, -2619, -3146, -3160, -2185, -1737, -602, -312, 
-883, 1194, 2718, 2769, 3157, 3643, 2882, 1054, 1738, 1121, 
-149, -383, -1906, -3705, -4699, -4186, -3049, -2997, -856, 89, 
402, 694, 700, 851, 243, 1133, 1021, 893, 1585, 640, 
491, 542, 1202, -32, -1065, -1214, -2754, -3939, -4766, -4633, 
-4857, -4984, -3637, -2988, -1225, 473, 1444, 1915, 3344, 4034, 
2692, 1099, -183, -1894, -3702, -4464, -4055, -2870, -1913, -1010, 
-916, -684, -287, -83, 262, 872, 2323, 3212, 3954, 4027, 
3234, 3083, 3312, 3946, 4630, 5460, 5202, 4668, 3874, 2930, 
1433, 789, -511, -2257, -1822, -1403, -1030, -322, 1051, 2084, 
2317, 3377, 4511, 4186, 3050, 1684, -63, -2165, -3583, -3104, 
-3646, -4174, -2907, -1717, -1544, -129, 701, -522, -941, -48, 
923, -78, 124, 773, 357, 794, 2117, 3288, 3610, 5584, 
5609, 3536, 2969, 1730, 142, -723, -1313, -2177, -2784, -2356, 
-3313, -3270, -576, 1864, 2815, 2320, 2217, 1255, 102, -1184, 
-2813, -3579, -3220, -4178, -5280, -4902, -3552, -2335, -1085, 31, 
3, -730, -1211, -1697, -2339, -1906, -1691, -1605, -1479, -1057, 
-792, -445, 1370, 2915, 3698, 4344, 3978, 3300, 2280, 1266, 
666, -453, -1443, -1204, -1316, -1012, 463, 1068, 940, 373, 
-366, -423, -622, -556, -1753, -2083, -1535, -1011, -1336, -2517, 
-1677, -1835, -1787, -769, -530, -765, -51, 907, -378, -1787, 
-1746, -1942, -539, 935, 1200, 541, -103, 898, 135, -332, 
456, 1447, 2150, 1651, 373, -2069, -4032, -5468, -6098, -5790, 
-3768, -979, 567, 1577, 1718, 1200, 1953, 1742, 1992, 1897, 
913, 644, 202, 520, -59, 827, 2473, 1524, 1312, 268, 
-804, -1512, -1094, -995, -1777, -1008, 322, 1420, 1313, 1293, 
2518, 3201, 3085, 3303, 4046, 3944, 3880, 4602, 3209, 2888, 
2395, 1135, -1842, -4973, -5467, -5269, -5175, -4392, -3759, -2094, 
-1028, -362, -191, 407, 1748, 1330, 249, -1086, -2152, -3305, 
-3695, -3745, -3366, -3517, -3291, -2869, -3055, -3121, -3206, -4246, 
-4808, -4220, -4243, -3516, -1341, 257, 2019, 2708, 2062, 2395, 
3703, 4472, 4968, 5207, 3833, 4347, 3719, 1773, -228, -579, 
-439, -1616, -1617, -654, 1031, 3485, 4652, 3817, 1389, 471, 
447, 122, -1367, -1658, -797, -604, -92, 61, -493, -512, 
-68, 661, -593, -2261, -3096, -3926, -4110, -5280, -6249, -6255, 
-4723, -3475, -3613, -660, 2348, 3279, 4173, 2599, 2524, 2490, 
1272, 1050, -489, -390, -1469, -2715, -2359, -1262, -259, 316, 
550, 1358, 1473, 1347, 802, -181, -1142, -1463, -1936, -3547, 
-3917, -1388, 23, -340, 1653, 2747, 2695, 682, -103, -324, 
-672, -1539, -1890, -1616, -1420, -377, 689, 1919, 3262, 4917, 
4587, 4470, 4219, 3725, 2468, 1268, -366, -825, -2223, -3463, 
-2428, -1241, -2029, -1063, 1685, 1232, 1273, 2583, 2125, 862, 
1660, 4689, 2373, 894, 469, 1541, -333, -2944, -1283, 887, 
-1019, -939, -216, 341, -2115, -131, -213, -1749, -2114, -615, 
-900, -932, 1167, 3242, 3636, 4859, 5750, 6102, 3745, 2969, 
3275, 1563, 1619, 758, -154, -1908, -280, -316, -2769, -2569, 
-251, -355, -2148, -2534, -2244, -1676, -1685, -1445, -3302, -1735, 
-1044, -1625, -2052, -959, 163, 223, -309, 1736, 181, 87, 
-32, -1963, -3975, -3958, -3522, -5710, -4222, -455, -1302, -2706, 
454, 1523, -1144, -1767, 348, 1593, -213, 3272, 1672, -130, 
220, -108, -1372, -2421, -270, 437, -1222, -1132, 42, 684, 
-1281, -2854, 702, -2148, -1670, -1664, -539, -1335, -3081, 752, 
2588, -827, 858, 1290, 1432, -1556, -722, 1427, -3242, -1193, 
-342, -1071, -3148, -1106, 1464, -2495, 174, 3695, 1368, 1147, 
1137, 2740, 590, -1157, 1364, -791, -1905, -1188, -270, 401, 
-1919, 614, 766, -833, 240, 292, -1373, -2088, 127, -942, 
-1871, -2369, 745, 2027, 1457, -1094, -959, -1226, -1127, -2005, 
-2575, -3076, -1300, -3437, -3773, -4833, -3033, -2222, -2659, -1554, 
-1268, -2122, 819, -1178, -1495, 3649, 2879, 1767, 878, 3672, 
3380, -1251, -25, -306, -3631, -1229, -37, -661, -1248, 1169, 
2940, -3062, -1569, -1184, -3996, -4012, -3163, 801, -2030, 1161, 
2707, 2163, 1843, 2023, 4662, -76, 1102, 2354, -928, -783, 
-1575, 936, -1113, -1660, 2034, 398, 1440, 558, 2435, 1826, 
-896, 3153, 1820, 359, 3574, 3341, 6569, 688, 2220, 3042, 
-526, -431, -35, 896, 577, -928, 1621, 1104, -346, 928, 
-1531, 491, 103, 904, 2, -1493, 2861, 2185, 1931, 629, 
1522, 341, 3584, -709, 715, 3616, -874, 2729, -1782, 844, 
1391, -1693, 1646, 2572, 345, 1780, -1521, 407, -912, -3277, 
3359, -1188, -1899, 1706, -629, -1175, -4289, -1729, 1705, -4249, 
-510, 2145, -2619, -1684, -497, 605, -4535, -4723, -602, -3491, 
-5777, -2631, -159, -2017, -5830, 668, -1163, -4103, -504, 1680, 
2337, 503, 2913, 4718, 1090, 975, 902, -676, -1697, -738, 
-417, 180, -2394, 2033, 2177, -2016, 910, 927, 1493, -61, 
-626, 2163, -493, -97, 2802, -2566, -351, -747, -1270, -2013, 
-3397, 169, -732, -3915, -482, -2423, -1004, -85, -1172, 815, 
-4660, 2708, -1721, -4303, 336, -2722, 1862, -3744, -1355, 1655, 
-5748, 1209, -2973, -4146, 2552, -4814, 2573, -3074, -1293, 5946, 
-4243, 4160, -6, 2617, 5667, -3953, 4054, -3061, -1357, 2091, 
-5558, 1794, -3416, 1212, 2431, -4894, 3848, -2295, 860, 96, 
-4869, 1976, -3753, 4070, 3485, -655, 5842, 1525, 2323, 458, 
2066, 3095, 767, 4861, 2972, 108, 3067, 2139, 2294, -1147, 
595, 3656, -1524, 841, 2088, 1183, 1369, 582, 5066, 1305, 
1634, 4618, 1326, 447, -2136, 3313, 779, -6099, 2734, -410, 
1256, 1273, -3147, 1176, -3044, -3133, -1803, -6907, -676, 1870, 
-2258, -1437, -1259, 645, -647, -2209, 1671, -1690, 728, -1530, 
-2507, -3108, -3817, -543, -2374, -3480, -1330, -382, -1877, -1877, 
-4565, 198, -1954, -2300, 498, -2176, 3905, -2470, 570, 1265, 
-2737, 5245, -4402, 5204, -893, -409, 3838, -3668, 1284, -4801, 
-2311, 1509, -2819, -717, -1372, -2928, 758, -4494, -735, 2114, 
-1695, 1714, 534, 3198, -1151, -1315, 1415, -3307, -2850, 3218, 
-923, -2508, -1912, 872, 763, -5622, -21, 702, -3869, -1022, 
-4026, 930, -3605, -78, -699, -1839, -130, -1186, 6861, -2328, 
3819, 5271, -263, 7186, -3771, 2610, 3138, -5218, 5540, 1130, 
-309, 4236, -967, 4854, -1242, 1512, 3116, 2752, 468, 2750, 
6876, 1175, 6711, 827, 3051, 4435, 590, 4313, 992, -92, 
1847, 847, 1285, 2127, 2304, -1256, 3116, -706, -274, 3407, 
-4493, 4590, 2388, -2937, 3012, 1037, -856, -217, -342, -212, 
540, -3083, -630, 2245, -9623, 1801, -3515, -5980, 2139, -8798, 
791, -2911, -6342, 3009, -4993, -1537, 4631, -3124, 2640, -907, 
-4223, 4819, -5942, 1349, 1683, -6273, 4343, -1836, 987, 1219, 
-7072, 940, -584, -8928, -5267, -1387, -4328, -420, -3667, -2024, 
4201, -6450, 4624, 2596, -7973, 7784, -3478, -2293, -1483, -6678, 
3140, -8034, -3739, 324, -8070, -1896, -4866, -6238, -1139, -5480, 
-621, -1560, -2004, 3336, 499, -243, 4771, 528, 3885, 3690, 
415, 5099, 341, 554, 137, -4311, 1092, -2466, -3746, 272, 
-6060, -1045, 582, -4522, -747, -525, 2568, 3257, -1120, 3209, 
4896, 945, 1469, 3545, 963, 3697, 619, -443, 6440, -3700, 
-16, 6627, -7144, 2484, -2722, -3779, 7357, -10200, 5492, 2179, 
-5378, 4943, -2644, 4052, 1421, -947, 7296, 1292, -304, 7926, 
573, -701, 2966, 175, 1326, -1075, 564, 4191, -3733, 1862, 
3530, -6933, 4972, -2365, -801, 340, -5600, 6760, -2721, -2391, 
7308, -1064, 2305, 5851, -3859, 7120, 2853, 444, 8928, -5196, 
3006, 5507, -8201, 6821, -3021, -3313, 6981, -4906, 315, -1208, 
-3934, 1279, -5009, -1960, -2296, 908, 3974, 763, -583, 3616, 
1062, 787, -362, -6527, 7367, -7901, 1909, 3465, -10591, 6389, 
-3131, -4398, 3539, -12166, 3692, 1006, -13304, 4405, -7693, -6036, 
5224, -9925, -937, 3793, -8829, 4642, -2957, -5953, 7873, -6437, 
5073, 2535, -11937, 10375, -5475, -5886, 7455, -7411, 3745, -851, 
-6470, 4343, -5870, -4671, 9175, -6781, 505, 6744, -7366, 7290, 
-5425, -860, 7095, -11981, 7045, 1131, -6556, 11895, -8288, 4176, 
3302, -7982, 10089, -6313, -3228, 5291, -9915, 5064, -4735, -3660, 
5856, -6111, 3183, 3652, -3721, 9425, -1169, 2187, 6541, -7010, 
8887, -1838, -4947, 7249, -7142, 4230, 988, -8639, 10278, -9482, 
1792, 6334, -9692, 8132, -3143, -1448, 8297, -11955, 7961, 3290, 
-7206, 11670, -9565, 6022, 3904, -11352, 14423, -6115, -2521, 11874, 
-11952, 7499, -671, -8333, 13938, -9597, 2135, 11353, -10771, 9642, 
871, -5866, 11826, -7656, 5961, 7223, -13848, 13704, -7803, -2935, 
8419, -11463, 9532, -5015, -6311, 10504, -11898, 3842, 3559, -10576, 
11441, -13273, 2149, 2405, -14235, 14922, -5023, -3422, 9360, -8579, 
7671, -2104, -10974, 13491, -13809, 2518, 6156, -13346, 7421, -5826, 
-2498, 3689, -11202, 6738, 1527, -6729, 7234, -6841, 3933, -2422, 
-2670, 5450, -7092, 5245, 89, -3311, 872, -295, -85, 2254, 
-3649, 3194, -1196, -2849, 1906, -2447, -2686, -2556, -1098, -1380, 
-3517, -2903, 2145, -1344, -532, 4863, 3232, -2268, 1174, 3270, 
-6088, -1808, -814, -315, -1994, -5351, 2300, 2061, -8238, 6807, 
5640, -5660, 5275, -1294, 2687, -655, -4147, 12224, -1913, -3469, 
11548, -3655, 2186, 1484, -299, 8344, -4202, 2301, 7798, -7581, 
3374, 334, -4144, 5160, -7778, 3988, 784, -11709, 8817, -4699, 
-3425, 10425, -7010, 7815, 2385, -7100, 11737, -8386, -1446, 7191, 
-14195, 993, -1677, -9722, 7251, -7523, 584, 6563, -9988, 7995, 
-2505, -7951, 6655, -2210, 2282, 5066, -3548, 4463, 2410, -2536, 
6835, -6538, -1288, 3867, -7131, 333, -1422, -4607, 3706, -3653, 
-2843, -1879, -9225, 2178, -4330, -4540, 242, 1466, 1101, 307, 
3814, 1070, 4395, -2104, 4655, 2376, -1346, 6051, -1375, 936, 
285, -208, 2381, -1876, -2786, 2781, -2704, -2073, 3936, -3513, 
-632, 2708, -3645, 718, -2779, -2386, 9538, -6172, -69, 8837, 
-6882, 3555, 3235, -4233, 3915, -2720, -261, 3478, -5342, -2005, 
6013, -5365, 647, 4236, -5881, 2488, -1380, -3587, 2892, -6415, 
3186, 791, -6539, 5576, -5862, -2908, 3207, -4943, 5855, -4687, 
494, 9515, -6338, 5646, -2650, -6183, 5437, -8452, -76, -1252, 
-10743, 7306, -5297, -1946, 1112, -5861, 5612, -3055, -1105, 3250, 
-3425, 3910, -2934, 2614, -734, -5327, 4433, -3642, 2087, -3765, 
-3427, 7401, -6962, 4087, -2512, -5293, 7211, -7777, 5498, -1197, 
-7926, 9836, -7511, 1145, 1386, -8187, 12203, -5290, 1103, 8977, 
-7506, 14620, -1112, 1012, 10333, -10395, 10108, -1503, -6955, 9265, 
-8565, 7295, 901, -8196, 9117, -9129, 2376, 1816, -10557, 6601, 
-4622, 2043, 3782, -6262, 4153, -4166, -1669, 2044, -5032, 4762, 
1353, -2222, 3697, -4085, 566, 1875, -5468, 1765, -3103, -1117, 
6098, -4590, -465, 593, -3511, 3371, -537, 1035, 3248, -1454, 
4580, 147, -3064, 3752, -209, 2666, 2240, 1323, 5945, -1599, 
1774, 2044, -3186, 1361, -1598, -12, 1892, -3240, 3223, 741, 
-943, 2610, -2033, 1929, 675, 582, 4933, -430, 1813, 2022, 
1180, 3233, 202, 1300, -1948, -174, 1455, -2184, -2043, -810, 
-610, -1654, -1696, 184, -1974, -1763, 2203, -280, -2807, -1356, 
2271, 1088, -2215, 2277, 573, -661, 1356, 826, -97, -2405, 
-1129, -586, -3084, -15, 1865, -215, 1409, -584, -420, -1037, 
-3359, 1119, -1873, -1745, 163, -2010, -216, 661, 1558, 1445, 
1302, 3046, 3804, 1733, 1477, 20, 429, 101, 721, 2310, 
841, 1238, 2106, 1065, -2254, -4506, -3667, -3810, -4310, -3824, 
-3201, -2879, -1482, -2, -195, -952, -565, 1065, 180, -604, 
-354, -769, -851, -1818, -3567, -2443, -1964, -903, -1493, -4473, 
-2865, -4394, -4503, -3923, -2784, -480, -657, 153, 202, 1227, 
2579, 3101, 3385, 2588, 3013, 3983, 4418, 6340, 5920, 5895, 
5763, 3660, 1776, 640, 638, 995, 1677, 2574, 2391, 952, 
2027, 3076, 1041, 36, -1308, -1426, -2327, -3458, -3455, -5462, 
-7552, -8015, -8746, -9710, -8982, -8138, -8867, -9702, -9324, -9224, 
-10741, -9906, -8159, -8987, -10823, -9100, -6820, -9000, -10683, -9191, 
-7848, -8486, -8699, -7992, -8370, -9647, -1125, 17295, 17504, 12246, 
26020, 39647, 44077, 32550, 27654, 30625, 25322, 20773, 10340, -3646, 
-11376, -11191, -11918, -22273, -25434, -15333, -6663, -1972, 2796, 9732, 
14866, 19255, 26615, 26733, 21576, 24358, 31079, 25494, 15099, 13500, 
12200, 5006, -6090, -11384, -13132, -16280, -16423, -16318, -20001, -20641, 
-14561, -13021, -15718, -13656, -8121, -7427, -10455, -8040, -7912, -14200, 
-16782, -15234, -15667, -19890, -19160, -16960, -18130, -18455, -19407, -21189, 
-26004, -27248, -26725, -32412, -28503, 5921, 21522, 408, 13848, 45853, 
65326, 51506, 34859, 49171, 47866, 38833, 29130, 7338, -8885, -10804, 
-5698, -19814, -41526, -33035, -19595, -16269, -14934, -8441, 1484, 8857, 
24013, 33215, 25340, 23995, 36053, 40544, 30599, 17616, 15689, 15034, 
5767, -421, -9453, -17316, -13641, -7477, -10622, -18149, -7340, 4026, 
264, -1142, 512, -846, -8984, -9364, -6304, -16267, -21581, -18174, 
-15342, -16769, -16856, -14234, -12727, -4025, 3493, 83, -3442, -1036, 
3252, -3071, -16460, -21919, -24074, -29243, -35082, -39882, -41902, -42470, 
-36798, -40635, -45469, -30557, -5008, 31137, 37196, 26525, 58091, 86957, 
87822, 68137, 52139, 52268, 42570, 27345, 3252, -21520, -26919, -32007, 
-41222, -55535, -54594, -32802, -21262, -12747, 195, 12603, 27280, 45327, 
56876, 49204, 50599, 55759, 43767, 40035, 31601, 15528, 3467, -5599, 
-17563, -30323, -31807, -34885, -27573, -22663, -30461, -21160, 197, -61, 
3119, 19448, 22778, 17912, 8476, 11098, 15040, 2674, -3681, -8796, 
-11646, -12428, -20201, -24637, -21203, -10741, -8355, -15335, -19059, -8790, 
-2665, -11381, -12580, -20154, -22674, -14285, -18319, -29748, -30952, -23218, 
-17995, -17773, -19482, -18824, -17518, -14273, -13323, 846, 33205, 30381, 
26676, 47711, 52829, 53536, 39999, 33407, 34556, 20483, 10581, -4157, 
-24190, -28681, -25915, -31928, -44466, -36032, -15136, -2320, 6071, 15040, 
20427, 32040, 44363, 46038, 38655, 36375, 42372, 38743, 25677, 11350, 
-1900, -6580, -11823, -18961, -24063, -30915, -28309, -17824, -11762, -12261, 
-11958, 505, 11381, 11837, 13800, 20242, 22417, 14466, 10751, 4902, 
-6403, -10731, -12922, -14022, -18430, -27595, -24884, -21384, -18417, -13223, 
-10021, -2137, 3803, 2779, -3366, -3548, -2991, -6229, -10196, -13281, 
-18230, -22435, -23591, -28935, -32748, -36429, -34944, -34209, -29516, -19134, 
-11382, -2058, 13855, 27154, 18506, 27462, 50330, 59572, 51589, 41493, 
44130, 37781, 19760, 6726, -12856, -18185, -11447, -16311, -30686, -34046, 
-20850, -14928, -12531, -104, 11486, 22201, 27860, 34033, 39622, 39293, 
44398, 41691, 25695, 20695, 16827, 6239, -3298, -10788, -13403, -16826, 
-18791, -18553, -21508, -20508, -14771, -2905, 6086, 9516, 15526, 12810, 
11151, 11712, 7995, 2119, -6880, -8699, -8488, -15454, -20409, -24676, 
-24486, -17100, -8928, -3939, -4574, -1994, 907, 104, 1699, 2359, 
-1775, -6419, -11556, -14753, -19558, -29004, -30747, -30138, -31383, -33728, 
-32933, -27831, -22263, -21922, -20594, -13875, -5658, 1579, 22141, 33287, 
26935, 44713, 58133, 54706, 44076, 34447, 33650, 23185, 12797, 5093, 
-10879, -14980, -16901, -26019, -31396, -27067, -12600, -9126, -6376, 5015, 
15264, 23864, 30835, 34540, 33648, 34170, 37844, 33918, 26428, 25590, 
16976, 2974, -5093, -12782, -17165, -19335, -18866, -15089, -18601, -19034, 
-16027, -8949, 91, 4528, 11017, 8578, 8793, 14167, 9922, 4202, 
-3281, -5709, -6686, -15203, -19201, -19714, -14782, -8898, -8848, -6972, 
-4406, 2002, 5161, 3633, 3753, 711, -1248, -5188, -12222, -18444, 
-23525, -27115, -32683, -30426, -28921, -29559, -21357, -18342, -19640, -14164, 
-7125, -6598, -3288, -338, 1532, 1104, 5916, 22901, 19404, 14585, 
28748, 33985, 31746, 25935, 23573, 23117, 16394, 13531, 5382, -4816, 
-3388, -4204, -11614, -13314, -7756, -5558, -5937, 339, 3837, 2850, 
7914, 12228, 14992, 19116, 21820, 20315, 16730, 16978, 15190, 12138, 
9448, 5706, 2152, -3768, -6728, -5973, -5400, -6016, -8421, -9855, 
-3835, -3465, -7619, -4618, -2186, -6669, -10122, -8109, -5303, -7254, 
-8755, -9952, -10743, -6668, -5344, -5931, -5619, -569, 4530, 4323, 
2884, 1118, -483, -2424, -5105, -10287, -17726, -24489, -25873, -25022, 
-27146, -27816, -29822, -28590, -20456, -16918, -14259, -7613, -3265, -1493, 
-333, 3377, 5333, 8838, 22072, 23247, 15966, 22943, 30357, 30180, 
25110, 24888, 27040, 20370, 15135, 4713, -4087, -2031, -1998, -6159, 
-8986, -5189, -3772, -5920, -2025, 2672, 4271, 9165, 13325, 18086, 
22714, 24446, 23761, 19378, 18353, 16565, 10095, 5802, 3373, -1675, 
-5877, -6478, -6379, -12137, -12769, -9541, -8694, -3091, 380, 71, 
1382, 256, -2621, -6238, -4871, -4102, -7119, -6287, -6423, -7349, 
-8841, -7201, -3697, -6045, -6441, -5501, -6324, -4674, -5061, -8068, 
-8998, -7863, -8920, -14023, -18577, -18966, -19313, -20101, -21027, -21564, 
-20952, -17816, -14731, -14056, -10465, -6027, -5883, -6232, -1486, 925, 
626, 10400, 15497, 14373, 26427, 34722, 33758, 30289, 27946, 28907, 
26363, 23722, 18666, 11357, 11111, 8535, 413, -6402, -5237, -1672, 
-5276, -4785, -1949, -91, 3558, 6204, 9123, 10513, 12855, 17082, 
17910, 18789, 18857, 15765, 12997, 9901, 4799, -809, -5153, -7253, 
-9076, -9234, -10102, -11727, -12563, -11164, -6942, -4749, -4543, -2845, 
-2851, -2109, -3691, -8154, -9209, -9793, -11109, -12494, -11594, -9396, 
-7137, -5216, -5401, -6268, -4688, -3275, -3431, -3643, -4988, -8386, 
-13853, -16878, -18505, -18938, -18196, -17790, -17976, -18330, -15394, -14950, 
-15480, -9174, -3491, -2102, -1786, 168, 1566, -298, -1416, -1387, 
-1, 3943, 8775, 6188, 9349, 19512, 23421, 23886, 24637, 28816, 
30537, 26965, 23346, 17666, 15433, 14470, 8444, 2980, -153, -1893, 
-6529, -8710, -7073, -7057, -5824, -4166, -992, 2351, 4850, 6492, 
7093, 10336, 13526, 14702, 14175, 13726, 12017, 8504, 5819, 1677, 
28, 1414, -1922, -8011, -12224, -11209, -11518, -14396, -15176, -15293, 
-13341, -11777, -11240, -10239, -7514, -4164, -6409, -8050, -5299, -4174, 
-4077, -3599, -2690, -1735, -2544, -3906, -4611, -4164, -6967, -11403, 
-13820, -13356, -14725, -18783, -18997, -16405, -15274, -14650, -14149, -12296, 
-8462, -4501, -2714, -544, 2841, 5863, 5889, 5873, 7823, 6885, 
4101, 4130, 2618, 267, -753, 831, 8226, 7758, 6580, 16507, 
22918, 27418, 29099, 29615, 32062, 32404, 31269, 26174, 22340, 21214, 
15956, 8800, 2470, -121, -3245, -7780, -8721, -8775, -7744, -6739, 
-5664, -2368, 997, 3288, 6599, 10036, 13724, 17557, 17913, 16090, 
16290, 14253, 8221, 2346, -87, -2609, -6736, -12362, -16678, -16840, 
-17862, -20272, -19580, -18363, -15871, -13257, -11890, -10162, -8333, -6916, 
-7641, -8168, -7694, -7967, -8504, -7954, -5971, -5340, -7892, -9982, 
-9655, -8395, -8396, -9928, -11061, -10755, -10222, -12333, -13881, -12148, 
-8777, -8272, -10102, -6933, -2255, 125, 730, 2271, 6325, 9710, 
12787, 13383, 11706, 12462, 12918, 10210, 7337, 6389, 6412, 3971, 
540, -1624, -2543, -4538, -5881, -6137, -5159, -1862, 957, 3174, 
6799, 11230, 14931, 17829, 20635, 23277, 24805, 24817, 22147, 18125, 
15142, 11648, 6476, 1691, -1931, -4817, -8683, -11661, -12239, -11525, 
-9080, -7120, -5875, -2502, 2494, 4761, 6079, 7046, 9047, 9463, 
8350, 6469, 3875, 3116, 1505, -2585, -5696, -7821, -9272, -12139, 
-14348, -14724, -15695, -15490, -14648, -12014, -9972, -8868, -7994, -7660, 
-6116, -5142, -6043, -6762, -5350, -2985, -3829, -4016, -3995, -4487, 
-4048, -4964, -5530, -5776, -4609, -3685, -4491, -2364, -630, 109, 
1612, 2657, 3706, 4604, 6573, 6834, 6974, 8156, 7535, 7943, 
7785, 8917, 9613, 8847, 9565, 8171, 7658, 6446, 4619, 3580, 
2254, 2239, -248, -1789, -1505, -1252, -1857, -3684, -2576, -2076, 
-2204, -1338, -2637, -1443, -240, 821, 1037, 1452, 1957, 490, 
382, -1401, -2834, -1878, -3047, -3813, -3423, -1834, -2329, -3473, 
-1098, -1031, -1179, -1582, -49, 1893, 1055, 3199, 2628, 1300, 
2052, 1225, 777, 1580, 1288, -979, -2304, -2913, -4556, -5446, 
-4666, -4842, -4584, -3882, -4237, -5685, -6815, -5153, -4787, -3330, 
-223, -106, -451, -1059, -460, -1444, -1935, -907, -1745, -372, 
-173, -510, -1380, -3154, -1897, -3626, -4493, -2918, -3552, -3172, 
-2765, -2463, -2839, -635, 1064, 79, 3066, 3963, 4281, 5950, 
5057, 5645, 5318, 6066, 3346, 2173, 2918, 2323, 2636, 1357, 
2474, 1233, -807, -416, -2469, -1090, 514, 940, 2031, 2115, 
2879, 1862, 1532, 1721, 1681, 1146, 1070, 3023, 2912, 2776, 
2654, 356, 186, -248, -776, -316, -1107, -1313, -1856, -1906, 
-2146, -2277, -1381, -2386, -365, -117, 524, 1438, -36, -517, 
-2177, -2531, -2315, -2456, -669, -349, 501, -165, -69, -919, 
-2005, -1, -1400, -574, 687, 1181, 1994, 1831, 3849, 1186, 
1794, 2961, -297, 1440, -43, -228, -1220, -750, 122, -2505, 
-871, -1474, 569, -252, -440, 184, -441, 1664, 935, 1663, 
973, 2096, 2803, -715, 2416, 854, -256, 310, -2002, -1549, 
-2388, -693, -1641, -2043, -941, -2495, -821, -1402, -1350, -830, 
-808, 2639, 2026, 2808, 4335, 3465, 2451, 460, 1575, 719, 
1627, 2672, 1572, 3718, 1930, 2455, 1474, -358, -903, -2919, 
-3122, -3178, -729, 787, -25, 2063, 340, 1018, 1916, 1086, 
1410, 1147, 1059, -259, 432, 88, -1217, -1074, -3089, -2956, 
-3509, -2987, -1801, -2983, -309, -424, -2513, -2358, -2686, -1748, 
-1712, -666, -71, 700, 1054, -843, -2335, -3018, -2031, -646, 
-1102, 281, 318, 719, -1023, -178, -481, -3866, -2831, -3589, 
-1819, -1652, -3181, -2354, -2613, -2749, -2653, -2503, -2184, -1184, 
-583, -1559, -151, -375, -1742, -2069, -2394, -2122, -626, 1587, 
956, 1346, 534, -1252, -2584, -3343, -2175, -3136, -2492, -794, 
-1059, -1285, -2176, -2293, -2375, 93, 665, 531, 1768, 1603, 
1989, 2114, 1539, 2472, 2393, 2540, 2560, 3486, 2417, 2703, 
1825, -706, -572, -2891, -2883, -1888, -1365, -1422, -2209, -1002, 
-2580, -2086, -2840, -1420, 344, 1629, 3987, 4090, 4538, 4646, 
4066, 3006, 2752, 3960, 2266, 2574, 2677, 952, 725, 153, 
-168, -124, 1970, 3141, 2872, 3099, 3183, 2819, 1196, 2027, 
2563, 2228, 3316, 2827, 3116, 4346, 4916, 4023, 2046, 2689, 
1863, 1402, 191, -323, -1167, -2496, -1425, -1195, -597, -291, 
-244, -166, -1261, -837, -398, -434, 119, 1522, 2706, 3305, 
2842, 1752, 1813, 69, -575, -334, -745, -840, -1420, -1969, 
-821, -475, -2071, -1454, -2275, -3400, -3479, -3595, -4285, -3773, 
-3319, -3200, -2004, -2259, -2284, -1496, -1228, -1582, -2181, -3088, 
-3643, -3205, -2899, -1210, -84, 149, 531, 264, -1421, -2378, 
-1596, -1689, -2019, -1382, -1510, -678, -986, -591, -1288, -3269, 
-2550, -1533, -2184, -1506, -1312, -1180, -2280, -1568, -2496, -2711, 
-1565, -2169, -1835, -742, -204, -848, -1135, -1119, -1102, -889, 
-210, 522, -324, -950, -1416, -2013, -1728, -2269, -1693, -589, 
422, -265, -93, 1162, 712, 805, 966, 1420, 2020, 2794, 
1446, 915, 1303, -9, 35, -1124, -1093, -1300, -2633, -2446, 
-3021, -3571, -2414, -1471, -1110, -194, 1871, 1893, 2503, 2493, 
2999, 3329, 3686, 4217, 4667, 4954, 3837, 2698, 2032, 732, 
1059, -69, -134, -93, 322, 1041, 354, 393, 538, 984, 
1846, 1240, 1994, 1791, 2677, 3556, 3465, 3338, 2683, 3060, 
2048, 1675, 2019, 1027, 1474, 667, 464, 984, 996, 1019, 
-314, -573, -1384, -1499, -2294, -2377, -1932, -1831, -116, 426, 
885, 838, 292, 776, -626, -354, -670, 232, 184, -115, 
723, 145, 744, -490, -1579, -2306, -3948, -2832, -3011, -2041, 
-1603, -1486, -1079, -437, 628, -688, -405, 630, 1076, 1214, 
911, 1005, 616, 1578, 2766, 2523, 1842, 1163, 450, 108, 
-273, -730, -1197, -390, -136, -131, -707, -1608, -2226, -2005, 
-1009, -942, -1298, -655, -222, 717, 547, 529, -11, 84, 
1921, 1905, 2272, 1623, 102, -773, -1903, -2573, -3801, -3605, 
-2688, -1960, -553, -492, -928, -2031, -1433, -788, 181, 769, 
1084, 1170, 590, 1181, 1326, 619, -382, -1883, -1951, -1973, 
-1728, -1886, -1675, -1150, -941, -1670, -2844, -2835, -1886, -1496, 
-873, -797, -585, -752, -534, -445, -628, -451, -475, -389, 
501, 1107, 999, 907, 25, -331, -783, -1537, -1873, -2036, 
-1048, -1338, -2142, -2568, -2515, -1803, -675, 407, 463, 587, 
245, 925, 2028, 2563, 2865, 1652, 1146, 1050, 85, -173, 
65, 1011, 462, -419, -1174, -2034, -2243, -1938, -1218, -1038, 
-180, 450, 698, 790, 209, 332, 760, 1369, 905, 415, 
-44, -281, -967, -1480, -2112, -2400, -1398, -704, -802, -1413, 
-1374, -1710, -1738, -1403, -1072, -552, -163, 68, -23, -503, 
-423, -637, -886, -654, -520, -543, -100, 430, -207, -847, 
-1020, -775, 152, 1890, 2546, 2600, 2755, 2608, 1906, 1325, 
891, 931, 1105, 1825, 2670, 2308, 2313, 1628, 1693, 1172, 
1603, 1772, 1801, 2087, 2080, 1829, 1842, 1997, 1788, 1419, 
1364, 1635, 1986, 2057, 1396, 742, -409, -1370, -1431, -1805, 
-1679, -1154, 440, 438, 216, 8, -917, -1516, -1623, -1149, 
4, 289, 630, 877, 100, -195, -1637, -1679, -2100, -2722, 
-2708, -2091, -2065, -2253, -2865, -3458, -3624, -2933, -2009, -865, 
-240, -535, -945, -1487, -2043, -1704, -916, 517, 1280, 1597, 
1201, 174, -723, -1095, -1303, -549, -385, -334, -247, -394, 
-496, -1381, -1479, -1550, -2236, -2295, -1706, -1371, -1405, -1265, 
-745, 482, 974, 1559, 1555, 1470, 1320, 956, 488, 188, 
635, 765, 606, 128, -94, 353, -32, -869, -1175, -1646, 
-1501, -1464, -878, -411, 39, 1185, 1928, 1971, 2211, 2067, 
1866, 1972, 1628, 919, -158, -622, -1418, -1394, -1200, -1053, 
-234, -385, -87, 684, 1322, 839, 341, 265, 103, 988, 
1768, 2371, 2494, 1990, 1499, 1219, 1138, 179, -267, -723, 
-501, 520, 755, 1377, 716, -460, -805, -81, 761, 845, 
780, 849, 1776, 1930, 1627, 1058, 363, 149, 50, 378, 
1208, 1580, 1088, -452, -1016, -1242, -1068, -513, -521, -539, 
-508, -636, -440, -455, -1059, -1827, -1627, -1051, -2033, -3114, 
-2639, -1953, -1686, -1322, -1676, -1851, -1739, -1472, -1413, -408, 
-53, -312, -979, -989, -1100, -1386, -1396, -1543, -1811, -1686, 
-1132, -185, -52, -293, -423, -957, -1543, -1489, -533, -937, 
-447, -764, -1206, -958, -1155, -1517, -1588, -1979, -1466, -303, 
1069, 1942, 807, -845, -1642, -1385, -649, -681, -362, 510, 
786, 644, 178, -653, -1317, -1308, -1219, -1118, -1359, -795, 
372, 444, 66, -204, -156, -590, -675, -62, 194, 985, 
1163, 1378, 1321, 441, -216, -1004, -453, 1110, 1873, 1638, 
1194, 189, -1085, -1441, -2063, -1911, -964, 71, 981, 816, 
-208, -989, -1019, -1214, -1346, -731, 197, 768, 1626, 2062, 
2186, 2537, 1551, 73, -1266, -1049, -1101, -868, -1211, -1594, 
-1732, -2322, -2865, -3377, -3182, -1708, -858, -204, 549, 1030, 
995, 1091, 1755, 1076, 472, 927, 1449, 1125, 933, 1329, 
824, 328, -495, -1201, -1396, -1230, -1160, -1133, -1835, -2569, 
-2314, -1680, -1615, -1108, -367, 303, 683, 2096, 3211, 2454, 
1948, 1615, 1064, 713, 1149, 1365, 2808, 4060, 3593, 2650, 
940, -989, -1490, -1178, -460, 1288, 2670, 2635, 2793, 2595, 
1906, 1467, 1473, 1570, 2613, 3564, 3160, 2512, 2352, 1549, 
410, -365, -418, -224, -101, -154, -522, -1084, -2148, -1833, 
-193, 1071, 1393, 2454, 2619, 2487, 2155, 1236, 427, 285, 
775, 730, 1474, 1868, 2209, 2378, 1467, 252, -359, -793, 
-985, -159, 342, 281, 627, 867, 989, 876, 411, -202, 
-1766, -1776, -549, 977, 1385, 709, 210, -218, -1176, -1726, 
-609, 262, 773, 546, -1430, -2383, -3252, -3748, -3577, -2390, 
-1811, -1697, -1221, -1682, -1546, -1491, -2424, -2878, -3076, -2426, 
-2052, -2323, -2839, -4311, -5219, -5756, -5194, -4620, -4161, -3125, 
-2549, -2631, -3151, -3641, -3320, -3075, -2638, -2107, -1721, -761, 
-470, -339, 141, -1389, -2418, -2330, -2525, -2293, -2085, -1301, 
-635, -693, -832, -500, -677, -538, -513, -471, 114, 1252, 
1336, 1256, 1276, 1319, 1004, 542, -114, -1026, -914, -354, 
-40, 346, 145, -144, -1011, -1649, -1550, -853, 419, 1113, 
1641, 1522, 1390, 859, 55, -205, 373, 1326, 1961, 1574, 
760, 232, -4, -239, -7, 1409, 2148, 2585, 2408, 2365, 
1702, 1199, 1752, 1582, 1352, 969, 843, 385, -15, 87, 
196, 797, 881, 1410, 1329, 674, 352, 55, -50, 564, 
915, 170, -58, 325, 93, 409, 447, 194, 608, 1227, 
1344, 957, 484, 1083, 1805, 1660, 1283, 876, -237, -683, 
-51, -59, -485, -714, -1192, -928, -1065, -1179, -1445, -1918, 
-1887, -1713, -1067, -682, 192, 951, 1420, 1586, 1286, -3, 
-1441, -2414, -2577, -2405, -1486, -1255, -2304, -3014, -3215, -2937, 
-1895, -1741, -1482, -975, -535, -909, -1421, -1690, -2562, -1906, 
-1194, -431, 317, 1063, 1293, 1271, 1184, 362, 189, 185, 
549, 926, 363, 270, -86, -1220, -1636, -2206, -2225, -1781, 
-1006, -130, 496, 991, 1493, 2327, 2853, 2729, 3064, 3077, 
2877, 2933, 2644, 2705, 2597, 1733, 1225, 1860, 2086, 2208, 
1887, 1378, 1348, 2062, 2520, 1966, 2017, 3049, 3544, 3575, 
3265, 2636, 2398, 1840, 1225, 1617, 2114, 2245, 1648, 1145, 
1001, 808, 647, 1159, 1777, 1651, 1452, 1826, 2080, 1897, 
812, -509, -1257, -1840, -2485, -3180, -4008, -4354, -3154, -2250, 
-1381, -830, -741, 597, 503, -21, 33, 100, 481, 1013, 
-202, -2391, -3710, -4222, -4077, -3686, -3801, -3451, -3068, -2488, 
-2120, -2592, -2684, -2042, -350, 336, -125, -130, -258, -1068, 
-1948, -2410, -1677, -1106, -352, -711, -1821, -2218, -2120, -2408, 
-2378, -2930, -2379, -886, 191, -153, -672, -185, 963, 982, 
-142, -911, -1916, -2424, -1730, -36, 1105, 1517, 726, 626, 
631, 515, -1033, -2065, -2404, -1866, -772, -219, -686, -1544, 
-1844, -1466, -1620, -1398, -1332, -727, 162, 598, -547, -1246, 
-745, 271, 898, 894, -178, 165, 1064, 898, -809, -1616, 
-1071, -127, 183, -688, -1104, 372, 1275, 1752, 1219, -160, 
-804, -434, 616, 2194, 2408, 2725, 3304, 3698, 2978, 1623, 
1292, 1773, 2039, 3313, 3978, 4615, 3940, 2509, 1537, 376, 
-182, -488, -28, 421, 1031, 1011, 947, 814, -101, -680, 
-709, 27, 1715, 2197, 2230, 1953, 483, -1570, -2151, -1754, 
-1578, -911, 410, 1168, 542, -1202, -2757, -2618, -2065, -1507, 
-721, -133, -276, -1047, -1731, -1539, -1066, -1478, -2176, -1916, 
-1442, -2080, -3009, -2871, -2147, -1338, -809, -877, -1412, -2642, 
-1917, -1437, -1823, -1815, -1701, -1245, -2014, -3628, -4585, -4565, 
-3052, -1858, -1626, -2254, -1971, -1642, -1371, -1145, -1444, -2171, 
-2386, -1916, -912, -214, 1378, 1885, 1346, -268, -1738, -2031, 
-2261, -2531, -2417, -2566, -1603, -1738, -2293, -2265, -1505, -1147, 
-1926, -972, -821, -1407, -966, -418, 693, 1032, 1062, 1816, 
2219, 2168, 1974, 1475, 411, 279, 1323, 1918, 1777, 556, 
556, 1462, 1785, 2071, 1714, 1794, 2065, 1357, -330, -1436, 
-448, 2265, 4049, 4497, 3079, 1982, 2165, 2562, 1839, 1216, 
1669, 2707, 3031, 2449, 1677, 1353, 1861, 1817, 289, -749, 
-892, -147, 1001, 1798, 1443, 1877, 2655, 3570, 3599, 2756, 
2047, 3114, 4354, 4207, 3020, 1884, 1526, 1346, 627, -546, 
-1210, 70, 240, -1176, -1412, -2393, -3583, -3317, -2326, -2076, 
-1771, -1691, -1277, 168, 637, 658, 485, 1347, 1088, 151, 
-473, -1082, -1023, -256, -830, -3011, -4428, -3836, -3751, -3850, 
-3317, -2398, -319, 1007, 1000, 171, -239, 536, 520, 440, 
139, -453, -715, -464, -188, -31, -941, -1889, -1759, -509, 
-441, -345, 152, -84, -970, -331, 1058, 1114, 595, 762, 
1009, 1026, 1149, 1226, 467, -142, -534, -363, 11, 429, 
228, -118, -397, -1899, -2468, -2249, -2040, -1073, -347, -418, 
-752, 96, -316, -925, -40, 103, -108, -869, -1809, -2694, 
-2381, -1289, -1231, -619, -179, -1483, -2352, -1320, -1192, -1027, 
-759, -1073, -1135, -2153, -2432, -427, 1465, 1236, 347, 843, 
1051, 1285, -109, -2023, -2115, -1750, -2526, -3081, -1609, 183, 
-451, -1726, -1778, -654, -240, -1041, -2293, -3169, -2197, -232, 
608, 550, -811, -1330, -487, -983, -2349, -1910, -649, -325, 
-681, -1417, -1343, -1482, -1691, -2082, -1283, 538, 1340, 2189, 
1227, 713, 481, 271, -656, -1488, -1279, -1315, 162, 816, 
776, 477, 425, 342, 0, -83, 102, 723, -22, -1493, 
-1643, -1143, -356, 852, 2264, 3078, 3082, 2758, 2911, 2196, 
958, 1098, 2046, 3798, 4383, 4345, 3371, 1951, -138, -1275, 
-870, -942, -819, -925, 292, 626, 1002, 1594, 1483, 1842, 
2002, 3067, 4072, 4419, 4319, 4320, 4071, 3490, 2659, 1952, 
1431, 849, 381, 726, 519, -240, -1837, -2922, -3044, -2042, 
-1074, -489, 399, 392, 554, 1455, 1310, 266, -589, 451, 
1737, 3007, 3283, 3527, 3460, 2444, 253, -1465, -1218, -2053, 
-2460, -2547, -2315, -873, -896, -1358, -2222, -2198, -1456, -690, 
192, 651, -588, -989, -867, -1148, -1269, -1578, -1976, -1810, 
-619, -1389, -3254, -3611, -2929, -1846, -1055, -1029, -1263, -333, 
174, -354, -976, -912, -232, -330, -1638, -3247, -3300, -2681, 
-2276, -1659, -1924, -2807, -3654, -3805, -4351, -4269, -4462, -4481, 
-2453, -942, -180, -182, -395, -598, -611, -1333, -2300, -3404, 
-3969, -3432, -2327, -485, -75, 760, 1049, 1028, 360, 392, 
681, 1011, 1740, 1748, 1471, 894, 435, 1489, 1759, 1521, 
1626, 1743, 2391, 2174, 1643, 1124, 895, 716, 995, 1165, 
1306, 2004, 1672, 1698, 2363, 2311, 1319, 437, 132, 1405, 
2988, 3992, 3832, 1799, -468, -1127, -567, -784, -365, 613, 
2395, 2653, 1505, 218, -707, -1244, -1020, -109, 1828, 2564, 
2195, 1248, 1078, 628, -123, 174, 1004, 1256, 1589, 1591, 
1506, 1187, -1064, -2049, -2166, -2072, -1935, -1383, -899, -726, 
-239, 509, 607, -274, -920, -1149, -882, -517, -192, 262, 
1088, 2089, 1979, 1308, 1737, 1578, 256, -1177, -1359, -1292, 
-1008, -691, -810, -517, -801, -2335, -2249, -2322, -2568, -2324, 
-1440, -1006, -1919, -2298, -2196, -1684, -727, 629, 1352, 649, 
-645, -403, 447, 1381, 1406, 1277, 911, 238, -974, -2049, 
-2706, -3563, -2791, -1543, -1754, -2383, -2479, -1809, -951, -251, 
-506, -933, -1078, -1570, -1654, -1980, -2936, -2850, -1902, -1814, 
-2540, -2452, -1601, -1154, -438, -490, -507, 807, 1355, 352, 
-828, -1392, -770, -267, -798, -1122, -845, -274, 477, 1245, 
1357, 1623, 1511, 556, -174, -45, 151, 407, 594, 1016, 
627, -375, -1199, -1410, -1052, -1460, -666, 161, 396, 1045, 
1523, 2680, 3280, 2345, 1645, 1340, 469, -1143, -2408, -3017, 
-2879, -2799, -3235, -2130, -1380, -250, 1578, 1698, 1632, 467, 
-1059, -1938, -2278, -1469, -1026, -2, 1005, 2063, 1989, 1011, 
-132, -3473, -4582, -3833, -2076, -653, -31, 391, 605, 1186, 
1680, 1243, -702, -1819, -1005, -105, 1414, 1476, 914, 1189, 
1005, 1395, 1317, 1097, 1111, 475, 629, 1455, 2501, 3043, 
3839, 3762, 2943, 3166, 3592, 3214, 2303, 668, -538, -1803, 
-1921, -1276, -617, 682, 2483, 3960, 5122, 4193, 2749, 1353, 
-553, -1537, -2778, -2861, -1616, 217, 2262, 4221, 4755, 3878, 
1583, -659, -1328, -1443, -449, -373, -1097, -1979, -2265, -1422, 
-130, 1010, 155, -873, -1584, -1288, 257, 682, 332, -1187, 
-1921, -1041, -381, -524, -1359, -1767, -2194, -1493, -1077, -1348, 
-757, -1029, -1136, -757, 246, 1295, 1495, 1110, -635, -1875, 
-1871, -1210, -244, -113, -330, 468, 1865, 2998, 1921, -259, 
-2527, -3428, -2884, -1953, -593, 165, 1254, 2546, 3048, 1347, 
-311, -1517, -2884, -2726, -1134, -607, -646, -497, -386, -508, 
-1087, -2121, -3238, -3289, -2500, -1248, -29, 914, 909, -800, 
-1520, -3211, -4891, -3702, -3002, -1849, -652, 1123, 2173, 2842, 
3005, 1525, 1210, 604, -56, 436, 590, 1232, -184, -762, 
-1258, -787, 749, 1003, 989, 1066, 409, -529, -1592, -1293, 
-1737, -584, 1872, 3258, 3981, 3698, 3041, 2289, 1506, 288, 
-817, -561, -539, 51, 1373, 2581, 2517, 1443, 543, -333, 
-1106, -1300, -819, -49, 320, 650, -683, -1789, -1443, -753, 
-207, 35, 716, 925, 627, -131, -1268, -1255, -693, -773, 
202, 764, 2004, 1415, 36, -1152, -2427, -2617, -1904, -1731, 
-2016, -2058, -1663, -1136, -272, -479, -755, -315, 230, -29, 
-467, 505, 148, -141, -612, -1569, -2040, -2828, -1811, -930, 
-228, -213, -135, -181, -861, -294, -604, 156, 455, 186, 
645, -115, -805, -1079, -455, 595, 375, 510, 465, 1200, 
1547, 1213, 953, 843, 675, -639, -1359, -1017, 272, 1919, 
3326, 3985, 3195, 1831, 121, -454, -741, -1027, -1189, -1285, 
-987, -2129, -2370, -2964, -3215, -1797, -331, 137, -1711, -1769, 
66, 1213, 505, -165, -13, -359, -734, -645, -720, -3140, 
-3695, -1466, -1176, -577, -74, -1003, -1824, -2122, -1355, -1586, 
-465, -2030, -2793, -2390, -1637, -1087, -992, 1689, 3047, 3072, 
2362, 992, 1267, 1091, 586, 1632, 2708, 2526, 2252, 344, 
-996, 756, 150, -2185, -2659, -4232, -3599, -1515, 89, 324, 
2519, 5380, 4004, 2146, 1958, 2234, 2083, 2484, 3707, 696, 
-1919, -2307, -2184, -2425, -2094, -378, -864, -3305, -3057, -1303, 
-384, -1576, -993, -155, -237, -1327, -1708, -1509, -1684, -201, 
1384, 1008, 551, -337, -1186, -746, 118, -43, 17, 38, 
-984, -1846, -3019, -3267, -1640, -1386, -978, -1149, -217, -180, 
-1006, -568, -1242, -1244, -1521, -1500, -1205, -2562, -3246, -2894, 
827, 2955, 2476, 2462, 1733, 473, -2600, -3303, -1421, -493, 
-1315, -1762, -136, 798, 636, 284, 696, 108, -146, 497, 
1164, 3650, 3315, 2543, 2534, 1784, 1130, -397, -1350, -2183, 
-731, 1774, 1858, 2112, 2205, 948, -591, -525, 425, -742, 
-836, 596, 207, 440, 1691, 550, 512, 366, -218, 270, 
396, 802, 698, 944, -303, -399, 600, 67, 412, 1612, 
2523, 2092, 2551, 3827, 2002, -709, -1522, -912, -130, 1362, 
2424, 2542, 3301, 2486, 1918, 1736, 777, 697, 1658, 2654, 
2117, 2894, 2152, 648, 644, -966, -2749, -3234, -3031, -3415, 
-2131, 82, 327, -979, -1930, -1592, -1649, -2048, -1655, -1909, 
-1299, -180, 536, 1926, 1742, -231, -1920, -1901, -746, 406, 
-66, -871, -1301, -1406, -1958, -1558, -694, -340, -1218, -1725, 
-1619, -1811, -2026, -2559, -2376, -2237, -1350, 101, 525, 170, 
113, -311, -1232, -2084, -3286, -2340, -677, -517, -145, -302, 
464, 1114, 860, 326, -1624, -3378, -3648, -2680, -2560, -2873, 
-2563, -2818, -2416, -1121, -570, -36, -629, -79, 961, 1342, 
1091, 771, -555, -1210, -691, -1530, -1170, 154, 312, 1120, 
447, -583, -1535, -621, -478, -68, 921, 333, 137, 459, 
1815, 1548, 1404, 2242, 2412, 2733, 717, -348, 867, 985, 
118, -224, -306, -1682, -1556, -383, -1600, -1266, -721, 838, 
1888, 1438, 1610, 1168, 2060, 2954, 3924, 4849, 5807, 6200, 
4886, 3498, 1956, 2542, 3014, 2095, 1971, 1889, 1356, 849, 
766, 1827, 1424, 186, -415, -167, 276, -169, -548, -1642, 
-1270, 365, 150, 244, -477, -449, 848, 978, -206, -539, 
-228, -1054, -929, -806, -1969, -2213, -2135, -2800, -3692, -3084, 
-2857, -1826, -765, -1389, -1382, -453, 167, -49, 236, 89, 
-738, 1150, 1926, 708, 136, 361, -142, -49, -39, -1481, 
-2881, -3884, -3703, -3391, -3410, -2186, -517, 488, 908, -589, 
-1066, -234, -5, 375, 721, -853, -537, -445, -962, -693, 
-292, 92, 108, -79, -112, -250, -10, -909, -544, -36, 
-588, -449, -186, -78, -881, 734, 909, 745, 1541, 784, 
-220, -1222, -1314, -2012, -2524, -2370, -2070, -1615, -1827, -1665, 
-2106, -2589, -2187, -2431, -1552, -631, 423, 580, 155, -647, 
-937, 658, 877, 63, -463, -181, 1297, 1983, 1809, -184, 
-821, -1082, -2731, -1928, -1911, -1385, -298, 889, 1944, 2201, 
2729, 1742, 618, 209, 658, 1363, 2053, 2707, 2303, 2196, 
587, -410, 41, 71, 244, 834, 1210, 697, 986, 2026, 
1266, 269, -16, 873, 2551, 3261, 3208, 2221, 1410, 382, 
-262, -376, -294, -171, 438, -394, -1020, -710, -1724, -2747, 
-3202, -4166, -4551, -4112, -2837, -2235, -1986, -1472, -1990, -644, 
131, 398, 1469, 3042, 2468, 1242, 671, -1492, -1897, -2208, 
-2451, -3123, -3348, -3707, -3713, -1803, -1085, -1865, -2110, -1640, 
-773, 471, 2149, 1569, 1236, 1777, 1202, 1607, 2978, 2960, 
1006, -393, -785, -955, -355, -202, -1196, -2050, -2034, -2165, 
-1828, -545, 259, -1362, -2891, -3376, -2822, -1033, 911, 1132, 
674, 349, -391, 115, 1146, 416, -736, -864, -2330, -988, 
256, 324, -333, -1583, -2354, -3509, -1984, -1565, -1285, -901, 
-1164, 399, 1417, 4065, 3650, 2919, 2969, 1203, 2441, 2735, 
2335, 1336, 355, -688, -1754, -938, -1817, -1414, -455, -1019, 
-1358, -503, 1552, 813, 2145, 2656, 531, 1649, 1782, 2080, 
967, 1208, 1042, -266, 1955, 512, 724, 1535, 2331, 2460, 
541, 2680, -149, -1227, -2042, -2926, -2187, -2863, -978, -2064, 
-906, -682, -2071, -1206, -2851, -730, 264, 1612, 2555, 1947, 
2236, 86, -644, -804, -138, 1125, 135, 870, 557, 911, 
611, -825, 1065, -588, 180, -462, -825, -216, -1149, 1099, 
439, 1577, 834, 591, 1519, -615, 768, 801, 1627, 1893, 
712, 1781, 565, 1689, 1273, 1023, 1094, 59, 378, -1449, 
-633, -1274, -1123, 942, -296, -425, -1325, -264, 591, 1903, 
2508, -143, 117, -122, 209, 971, 992, 1910, 1387, 1703, 
101, -201, -8, -1928, -2502, -2914, -3666, -3522, -2432, -2293, 
-2769, -2475, -2485, -2215, -2204, -1420, -1916, -1966, -313, 670, 
772, 586, 834, 237, 336, 1184, -759, -326, -465, 599, 
1212, 968, 1773, 754, 1228, -636, -2012, -2718, -2534, -835, 
-2164, -1396, -1971, -102, 1096, 686, 1953, 727, 565, -740, 
119, 1805, 1512, 1844, -890, -1066, -1179, -2415, -1839, -2803, 
-1024, 7, 941, 1694, 1009, 2970, 1417, 1009, 593, 485, 
1188, -154, -455, -1805, -1399, -988, -1264, 361, -326, 498, 
1570, 484, -229, -1160, -147, -849, -701, -422, -491, 738, 
-31, -245, -950, -1380, -2052, -4378, -2812, -2308, -1139, 814, 
870, 2099, 336, 470, -1788, -2576, -1324, -1528, -573, -458, 
339, -75, -70, -164, -489, -163, -1336, -2518, -2328, -2250, 
-3055, -3999, -2378, -2157, -984, -466, -835, 110, 191, 3241, 
2376, 1488, 293, -897, 108, -254, 2272, 1879, 2441, 3226, 
833, 412, -401, -601, -1607, -1572, -792, -891, 1110, 1096, 
1839, 1337, 1269, 1850, 188, 2253, 2560, 2943, 4385, 4366, 
4508, 3042, 2598, 343, -1231, -921, -1329, -502, 45, 926, 
-165, -556, 73, -1490, -1685, -726, -342, 199, 2999, 3783, 
2676, 3557, 2186, 1094, 1720, 928, 450, -87, 457, -1067, 
-2120, -1647, -2586, -2693, -2927, -2147, -1364, -2196, -1335, -1766, 
-1414, -1046, -285, 1618, 2881, 3803, 3681, 2613, 1843, 877, 
547, 616, 64, -486, -1344, -2363, -2142, -860, 377, -727, 
-1652, -2410, -3881, -2937, -1485, 19, 371, 701, 1160, 468, 
53, -104, -1538, -3356, -3627, -2882, -2887, -2750, -2687, -2415, 
-2065, -2063, -900, -1907, -2807, -1949, -1950, -1341, -526, -613, 
-2730, -2132, -753, -1383, -767, -728, -372, -267, -629, -1721, 
-1796, -1413, -1604, -1096, -296, -896, -619, -652, -1070, -1540, 
-717, -493, 231, 877, 75, -1078, -450, 374, -166, -694, 
-539, -1701, -1420, -251, 155, 514, 1403, -11, -1580, -687, 
-1743, -3304, -2991, -1703, -237, 652, 2308, 2398, 1744, 1921, 
1661, 841, 1322, 2400, 2955, 2868, 2688, 3062, 2757, 2368, 
1245, -12, 92, -430, 71, 360, 955, 2094, 2123, 2238, 
1713, 648, 5, -581, 215, 398, 933, 402, -379, -12, 
-256, 1245, 1367, 1984, 2342, 581, 161, -549, -535, -251, 
-25, 387, -82, 611, -198, -390, -920, -1843, -564, -679, 
-739, -328, -564, -2005, -2986, -1354, -2037, -2064, -1330, -1779, 
-1758, -1816, -500, -559, 1713, 2695, 436, 1087, 788, 264, 
759, 1333, 899, 21, 1577, 606, -231, -203, -1777, -1423, 
-2165, -2249, -4139, -4437, -2602, -2985, -1354, -1165, -1426, -1671, 
-1134, -242, -493, 1034, 1046, 1673, 2018, 507, 146, -720, 
-619, -1034, -1443, -835, -993, -630, -1101, -2035, -2007, -449, 
1288, 664, 1897, 1360, -167, 365, -312, -368, -439, 32, 
-931, -1419, 1244, 1493, 1517, 2092, 2205, 1268, 681, -249, 
-2997, -2382, -2586, -4025, -2483, -1695, -605, -531, -1423, -2572, 
-2217, -1075, -1827, -2233, -1251, -1081, 27, 304, 142, -443, 
-1307, -2744, -2544, -1336, -1275, -336, -999, -59, 1172, 1051, 
-141, -468, 515, -333, -830, -571, 347, 2030, 2598, 3812, 
5791, 6582, 7856, 8963, 9623, 8713, 8249, 9301, 9865, 11583, 
12808, 13138, 13286, 13631, 11924, 8786, 6988, 5091, 2179, -194, 
-2421, -4442, -5103, -5809, -7098, -6926, -6776, -6995, -7303, -7397, 
-7475, -7709, -6863, -6684, -7268, -6070, -8388, -10253, -11268, -13630, 
-15201, -17483, -18873, -19915, -20083, -20402, -21837, -22604, -24116, -23725, 
-24490, -27719, -21347, -6817, -9323, -6194, 14312, 22994, 28136, 34472, 
39123, 42710, 45275, 43056, 28938, 24736, 24991, 11508, -156, -5568, 
-9121, -14039, -17252, -21134, -23560, -14583, -11084, -10055, -1067, 6382, 
12150, 18031, 22816, 27024, 31119, 33525, 34028, 35752, 30798, 26851, 
22938, 14274, 5274, -3570, -10044, -17398, -23220, -25938, -27684, -27218, 
-26750, -24143, -19726, -15403, -11081, -8763, -5215, -2678, -2511, -2303, 
-2680, -959, -1452, -4485, -7026, -9254, -12357, -14759, -16880, -21551, 
-22840, -24519, -29596, -33804, -37292, -32258, -15899, -19699, -17332, 12624, 
24497, 30410, 38680, 43071, 52451, 57650, 55113, 39449, 34831, 36022, 
16474, 1528, -6354, -14331, -21413, -27304, -30901, -33076, -23638, -20235, 
-20462, -7933, 226, 6920, 18081, 25701, 32379, 39506, 41272, 39929, 
41285, 39209, 31519, 22318, 16548, 7985, -3579, -11839, -20480, -24900, 
-27830, -32621, -35569, -35656, -30962, -28102, -25333, -19301, -14309, -8419, 
-4040, -1108, 189, 587, 3260, 2558, 908, -2006, -5455, -6744, 
-9950, -14675, -20239, -24115, -28547, -33273, -35590, -38057, -41560, -37266, 
-22276, -16398, -19126, 6332, 29533, 33452, 43246, 52028, 59910, 65957, 
62449, 50545, 40180, 36384, 18329, -2959, -11275, -18482, -27185, -35881, 
-37802, -37516, -33676, -26521, -23345, -11507, 4017, 12524, 22206, 34332, 
45512, 50902, 53233, 54952, 53546, 48007, 37365, 26970, 17739, 8314, 
-3830, -15488, -22745, -28061, -34238, -36651, -34643, -34137, -29859, -22993, 
-17847, -11606, -6403, -3008, 2188, 7310, 8110, 6274, 8004, 9834, 
6376, 199, -5338, -8495, -12825, -17155, -23236, -28712, -29163, -33818, 
-37290, -39190, -41739, -41365, -42009, -38892, -27249, -6673, -7157, 1480, 
39167, 45605, 49753, 62228, 66682, 71457, 65776, 54507, 37708, 29570, 
20714, -7639, -20830, -25835, -36228, -43869, -47488, -44496, -40876, -30939, 
-23974, -16029, 2698, 12481, 21886, 37457, 45787, 53003, 58000, 57419, 
54529, 47776, 34687, 21113, 11623, 1762, -14431, -26187, -31219, -39608, 
-43551, -41564, -38905, -37565, -35266, -24798, -15612, -9024, -3731, 915, 
8484, 11395, 8653, 5584, 6993, 8596, 1184, -6350, -10066, -12818, 
-17562, -27214, -29962, -32154, -36257, -37049, -38668, -39595, -38455, -39031, 
-36716, -24145, -2467, -7401, 5543, 47280, 50126, 52865, 65479, 70007, 
72647, 62417, 52076, 36287, 27267, 16768, -13335, -24509, -27868, -41792, 
-51121, -49756, -42252, -38090, -26469, -16089, -7306, 12590, 21693, 27460, 
45485, 56714, 57466, 59453, 61013, 57000, 45943, 34673, 21954, 9191, 
-714, -16177, -27086, -31023, -36196, -39748, -39023, -32725, -30861, -27793, 
-15828, -9552, -3171, 2011, 3979, 9769, 12355, 10327, 6488, 7306, 
6251, -957, -5369, -9020, -11725, -16118, -23712, -27015, -31357, -32528, 
-36476, -39830, -37580, -41133, -41933, -38676, -35728, -21342, -2668, -10098, 
11983, 51646, 46096, 50195, 64452, 70032, 70026, 59629, 49041, 30391, 
23300, 8631, -21564, -25970, -30863, -45486, -50725, -46432, -41428, -38283, 
-24984, -16648, -5092, 15242, 21755, 34236, 53820, 57008, 57870, 63566, 
62866, 54812, 43731, 30545, 17327, 5501, -8904, -24696, -30123, -34798, 
-44088, -42144, -34028, -30084, -28285, -19534, -6287, 586, 3721, 5952, 
11328, 18463, 15955, 9661, 8397, 7234, 2394, -7114, -10956, -13471, 
-17770, -21859, -28885, -29315, -31173, -34449, -32680, -31157, -31267, -31238, 
-28758, -26707, -25490, -20714, -13937, 5694, 11396, 12543, 44528, 51634, 
48083, 57732, 58338, 58526, 47938, 36271, 24616, 10296, 1707, -19403, 
-32059, -32506, -39684, -44915, -44122, -33254, -26675, -19558, -6830, 2619, 
16368, 27819, 34986, 44654, 52574, 55389, 53986, 50863, 45410, 32783, 
18709, 8722, -3705, -14949, -24634, -32999, -36460, -38258, -36178, -35053, 
-26547, -17286, -15396, -6266, -721, 1872, 7451, 9798, 11711, 9911, 
7593, 4756, 438, -2958, -10255, -14882, -16072, -19837, -23852, -29222, 
-28728, -28233, -28446, -27147, -26563, -24663, -26369, -23990, -21505, -22063, 
-21872, -18813, -10460, 4803, 9861, 7248, 39192, 51232, 43425, 52256, 
53251, 51251, 40856, 30086, 23124, 11868, 5173, -12985, -24237, -22810, 
-30553, -33911, -30415, -21872, -14239, -5762, 6920, 14867, 22581, 29551, 
32760, 42314, 49315, 46753, 43135, 43835, 40124, 25807, 12237, 2462, 
-9254, -15816, -23712, -31401, -28831, -26365, -25339, -22586, -14394, -6958, 
-7058, -1573, 4456, 6617, 10867, 9652, 7677, 5929, 1995, -3187, 
-7994, -7682, -11152, -17262, -19456, -21691, -22325, -22776, -21759, -21122, 
-20256, -18157, -18779, -17954, -15458, -16308, -16577, -16581, -16650, -16372, 
-18128, -13104, -6980, 3962, 11025, 15768, 36508, 38858, 37206, 43656, 
41045, 39492, 31604, 24001, 17341, 7498, 1763, -11605, -16857, -16202, 
-24090, -27108, -21513, -11230, -6975, -445, 9109, 13100, 19621, 25687, 
28541, 32737, 32473, 31279, 30488, 25741, 19897, 9078, -511, -5043, 
-12820, -19509, -20996, -19590, -22042, -20923, -11741, -9952, -8381, -5043, 
-2262, 3531, 4809, 4169, 2945, 867, -39, -3609, -8229, -12225, 
-14257, -14196, -14971, -16108, -15537, -13635, -14170, -15806, -13050, -11693, 
-11519, -10274, -12603, -11328, -8594, -11819, -13494, -11602, -12930, -14514, 
-14101, -14937, -11743, -9318, -4037, 7868, 9820, 16678, 31369, 30917, 
