91
7331
23525
-7601
30223
-64788
103224
-167790
130276
-5749763
-12941038
-3714076
1815380
1448070
1630679
1409919
1436958
1335758
1301376
1219205
1151300
1090832
1032454
974927
917925
862702
809703
758504
708568
660156
613346
568383
524900
483479
443400
405097
368402
333040
299996
268691
238837
210183
182983
157976
134108
112094
91503
71850
53706
37143
21296
6321
-6630
-19452
-30737
-40740
-49619
-58375
-66009
-72428
-78253
-82995
-87454
-90828
-93934
-97160
-99489
-100998
-101889
-102666
-102560
-102070
-101931
-101342
-99808
-98132
-96442
-94320
-92976
-91594
-89812
-87370
-85411
-83163
-80552
-78339
-75613
-72910
-69759
-67017
-64179
-61195
-58504
-55849
-53173
-50522
-47715
-45042
-42327
-40100
-37970
-35013
-32453
-30378
-27930
-25732
-24062
-22168
-20458
-18444
-16683
-15158
-14130
-12626
-11457
-10546
-9083
-7996
-6812
-5516
-4492
-3547
-2982
-2668
-1896
-1240
-890
-542
-212
364
483
753
945
1421
2489
3185
2792
2836
3141
3203
3269
3660
4093
3665
2748
2377
2632
2619
2685
2974
2579
2201
2517
2874
2824
2534
2450
2795
3269
2484
2047
3216
18521
-702
16624
-25360
29971
-39664
82846
-1614626
-9180930
-4134920
1573537
971086
1292692
1016981
1080341
974587
954113
888169
831828
782714
734512
688662
643848
600358
558839
518742
479893
442679
406415
371979
338813
307158
277099
248553
221235
195230
171110
148613
127086
106691
87578
69857
53027
37521
22845
9860
-1650
-12655
-22509
-32048
-40984
-48556
-55557
-61846
-67334
-72396
-76696
-79735
-82604
-85013
-86715
-88014
-89198
-90293
-90303
-90364
-89894
-89347
-88904
-87801
-86121
-84078
-82707
-81086
-79052
-76809
-74363
-71953
-69046
-67001
-64626
-62387
-60408
-57530
-54672
-52416
-49934
-47418
-45324
-42791
-40759
-38624
-36036
-33686
-31521
-29688
-27962
-26151
-24318
-22404
-20783
-19459
-18483
-16803
-15440
-13692
-12490
-10956
-9518
-8926
-8002
-6143
-4956
-3690
-2884
-1949
-1542
-1456
-1125
-1234
-743
-181
590
789
1187
1343
1673
1031
1087
1302
1362
1659
1567
1762
2486
2895
2950
2661
2738
2291
1992
1776
1636
1560
1381
1279
1382
1545
1413
1356
1146
1360
1922
1360
802
793
969
1301
1052
7881
23258
-7636
29515
-64199
100723
-166589
127097
-5651494
-12706881
-3487456
2022797
1635683
1800310
1562243
1572731
1455868
1406512
1310447
1229465
1156705
1086798
1018483
951410
886809
825102
765840
708461
653201
600144
549499
500590
454816
409687
369194
326299
292610
225284
188413
212100
178673
156115
102449
108440
76302
201323
274318
-33777
-41367
-200837
-274688
-61298
-62496
-69812
-82662
-90692
-99438
-105057
-113722
-115062
-126805
-87449
-69004
-150321
-157337
-157296
-155656
-153742
-151896
-149029
-146005
-143154
-140061
-136099
-132068
-128098
-123773
-120304
-116876
-113127
-108798
-105032
-101056
-96795
-93010
-88789
-84667
-80171
-76157
-72119
-68005
-64252
-60601
-56993
-53472
-49854
-46428
-43015
-40144
-37421
-33921
-30865
-28338
-25481
-22915
-20916
-18729
-16760
-14520
-12564
-10874
-9708
-8092
-6835
-5859
-4352
-3240
-2049
-763
236
1142
1656
1908
2608
3182
3442
3693
3920
4388
4394
4547
4618
4971
5914
6483
5962
5878
6055
5989
5928
6193
6502
5952
4915
4426
4566
4441
4398
4581
4083
3605
3824
4087
3947
3571
3405
3671
4069
3212
2707
3811
19054
-227
17044
-24992
30290
-39391
83076
-1614436
-9180778
-4134804
1573620
971138
1292715
1016977
1080312
974535
954040
888077
831718
782588
734372
688510
643686
600187
558661
518558
479704
442486
406219
371780
338611
306954
276894
248348
221031
195028
170911
148418
126895
106504
87395
69678
52852
37350
22678
9697
-1809
-12810
-22660
-32194
-41125
-48692
-55688
-61972
-67455
-72512
-76807
-79841
-82705
-85109
-86806
-88100
-89279
-90369
-90374
-90430
-89955
-89403
-88955
-87847
-86162
-84114
-82739
-81114
-79076
-76830
-74382
-71970
-69061
-67014
-64637
-62396
-60416
-57537
-54678
-52421
-49938
-47421
-45326
-42792
-40759
-38623
-36034
-33683
-31517
-29683
-27956
-26144
-24310
-22395
-20773
-19448
-18472
-16792
-15429
-13681
-12479
-10945
-9507
-8915
-7991
-6132
-4945
-3679
-2873
-1938
-1531
-1445
-1114
-1223
-732
-170
601
800
1198
1354
1578
622
1473
-10
3903
-2976
10074
-12486
113133
173725
69730
103542
-32145
-28107
-97037
-124724
-11431
-14974
39856
63944
-22650
-21198
-57132
-73355
18039
34759
-13158
-17142
-16425
-14991
-13632
-12177
-11398
-3583
12888
-17045
21019
-71826
93921
-172609
121817
-5656075
-12710803
-3490759
2020075
1633504
1798637
1561042
1571968
1455510
1406528
1310807
1230141
1157670
1088026
1019949
953090
888681
827144
768031
710782
655634
602716
552321
502969
457881
411526
373486
326700
299916
183718
98675
269747
278470
158556
115118
54046
35987
58726
50678
-2238
-7454
-185722
-288870
-21561
-19470
-29153
-45013
-53279
-67216
-54093
-52965
-92209
-108203
-70525
-53224
-135822
-144100
-145193
-144707
-143784
-142941
-141029
-138910
-136916
-134633
-131434
-128121
-124825
-121131
-118251
-115372
-112133
-108276
-104946
-101371
-97478
-94030
-90115
-86270
-82023
-78232
-74392
-70452
-66851
-63331
-59834
-56405
-52862
-49495
-46126
-43285
-40579
-37084
-34022
-31479
-28597
-25997
-23956
-21721
-19698
-17398
-15377
-13617
-12378
-10686
-9350
-8293
-6703
-5507
-4231
-2859
-1774
-782
-183
153
936
1592
1933
2264
2569
3113
3193
3419
3561
3982
4991
5624
5165
5140
5374
5363
5355
5671
6029
5525
4532
4085
4265
4178
4171
4388
3922
3474
3721
4010
3894
3540
3394
3679
4094
3252
2760
3876
19130
-142
17137
-24892
30396
-39280
83191
-1614318
-9180657
-4134680
1573746
971266
1292845
1017108
1080444
974667
954172
888208
831848
782716
734497
688631
643802
600298
558767
518659
479800
442577
406305
371862
338689
307028
276964
248414
221093
195086
170965
148468
126941
106546
87434
69714
52885
37380
22705
9722
-1786
-12789
-22641
-32177
-41110
-48678
-55675
-61959
-67442
-72499
-76794
-79828
-82692
-85096
-86793
-88087
-89266
-90356
-90361
-90417
-89943
-89392
-88945
-87838
-86154
-84107
-82732
-81107
-79069
-76823
-74375
-71963
-69054
-67007
-64630
-62389
-60409
-57530
-54671
-52414
-49931
-47414
-45319
-42785
-40752
-38616
-36027
-33676
-31510
-29676
-27949
-26137
-24303
-22388
-20766
-19441
-18465
-16785
-15422
-13674
-12472
-10938
-9500
-8908
-7984
-6125
-4938
-3672
-2866
-1931
-1524
-1438
-1107
-1217
-582
400
-11
2461
-2134
7431
-9374
18531
-146540
-229045
-8578
-56018
54089
5427
311055
482724
110617
120673
-41856
-37788
-92974
-107191
-10519
-10563
4329
2120
-26825
-11083
-11868
-3902
-50396
-76814
-35722
-5341
-139458
-183925
-71770
-124680
16813
30151
47114
14729
51398
-42614
121223
-146587
146154
-5633152
-12689251
-3470540
2039000
1651176
1815098
1576334
1586134
1468593
1418542
1321709
1240339
1166803
1096545
1026683
960525
892694
859867
843464
706274
554701
688751
716902
596418
562810
385232
333849
297174
255599
248223
254021
204717
152846
231263
255392
-42017
-96074
24568
13516
-3603
-22208
-38132
-53083
-65664
-77486
-88977
-98091
-107249
-114243
-121705
-125276
-151061
-194457
-117706
-92083
-171990
-176960
-175456
-171990
-168609
-165178
-160980
-156628
-152517
-148234
-143150
-138063
-133102
-127848
-123510
-119272
-114770
-109743
-105331
-100759
-95951
-91666
-86989
-82453
-77583
-73234
-68897
-64518
-60533
-56681
-52901
-49235
-45498
-41977
-38492
-35569
-32813
-29298
-26243
-23733
-20907
-18385
-16441
-14320
-12427
-10271
-8406
-6813
-5750
-4242
-3097
-2236
-847
145
1214
2377
3253
4036
4427
4557
5136
5591
5733
5868
5981
6337
6233
6279
6246
6497
7341
7814
7200
7026
7116
6966
6824
7012
7247
6626
5522
4970
5050
4868
4771
4903
4357
3834
4011
4235
4058
3647
3448
3684
4054
3171
2642
3724
18947
-352
16903
-25148
30121
-39572
82885
-1614636
-9180985
-4135017
1573402
970916
1292491
1016752
1080087
974311
953818
887857
831501
782374
734161
688302
643481
599986
558464
518365
479515
442301
406038
371604
338441
306790
276736
248196
220885
194888
170777
148290
126773
106388
87285
69574
52754
37258
22592
9617
-1883
-12878
-22723
-32253
-41180
-48743
-55735
-62015
-67494
-72547
-76838
-79868
-82728
-85129
-86823
-88114
-89290
-90377
-90379
-90432
-89955
-89401
-88951
-87841
-86155
-84106
-82730
-81105
-79067
-76821
-74373
-71961
-69052
-67006
-64630
-62390
-60410
-57531
-54672
-52415
-49932
-47415
-45320
-42786
-40753
-38617
-36028
-33677
-31511
-29677
-27950
-26138
-24304
-22389
-20767
-19442
-18466
-16786
-15423
-13675
-12473
-10939
-9501
-8909
-7985
-6126
-4757
-3044
-3633
-298
-5164
5003
-12515
17805
-176682
-257841
51416
62902
62187
59396
48243
59576
-26384
-71540
-8703
-59747
35093
11852
198464
334050
16575
-1641
-168504
-248440
28729
42200
42872
36302
35968
29919
32278
21270
86819
127821
-36250
-69940
-29736
-3691
-169933
-287750
171748
265598
3013
-7309
5681
-22321
14942
-77893
87291
-179649
115170
-5662749
-12717493
-3497441
2013422
1626900
1792101
1554590
1565615
1449270
1400384
1304683
1224411
1151938
1082707
1013836
948647
881731
849665
834422
697405
547881
680197
712937
576030
563999
409164
310626
294227
247972
313041
382156
127965
9932
223242
252644
-33802
-104721
128179
197795
-9464
-15361
-168848
-265031
-124838
-154136
-65341
-68991
-76849
-88770
-70372
-69933
-139061
-145718
-107871
-143222
-176271
-171699
-171485
-167530
-164723
-161106
-157213
-152809
-148945
-144809
-139867
-134922
-130102
-124988
-120789
-116688
-112320
-107424
-103140
-98693
-94007
-89841
-85280
-80857
-76097
-71854
-67619
-63339
-59449
-55688
-51995
-48412
-44754
-41308
-37958
-35337
-32133
-29592
-24677
-25957
-16391
-25663
49672
118781
31942
12803
64852
65211
-38441
-39279
-38392
-34838
-32046
-29307
-26642
-23939
-21351
-19065
-17219
-15679
-13736
-11963
-10549
-9189
-7899
-6414
-5436
-4356
-3402
-2210
-471
852
1043
1630
2438
2965
3460
4245
5039
4940
4322
4221
4719
4923
5181
5639
5391
5139
5561
6005
6025
5789
5744
6114
6600
5815
5367
6514
21787
2524
19803
-22235
33036
-36665
85775
-1611771
-9178153
-4132224
1576150
973614
1295134
1019336
1082608
976765
956202
890169
833739
784537
736248
690312
645413
601840
560240
520063
481136
443846
407508
373000
339764
308041
277916
249306
221927
195863
171687
149137
127559
107115
87956
70191
53319
37773
23059
10038
-1506
-12543
-22427
-31994
-40956
-48552
-55575
-61884
-67390
-72468
-76782
-79833
-82712
-85130
-86840
-88146
-89336
-90436
-90450
-90514
-90047
-89502
-89060
-87957
-86277
-84233
-82861
-81239
-79203
-76958
-74510
-72097
-69186
-67137
-64758
-62515
-60532
-57650
-54788
-52528
-50042
-47522
-45424
-42887
-40851
-38712
-36120
-33766
-31597
-29760
-28030
-26215
-24378
-22460
-20835
-19507
-18528
-16845
-15479
-13728
-12524
-10988
-9548
-8954
-8028
-6167
-4796
-3081
-3668
-331
-5195
4974
-12542
17780
-176705
-257862
51397
62885
62172
59383
48316
59918
-26881
-70957
-10398
-57581
31377
18622
118847
178913
120016
145246
-52594
-33051
-92259
-194137
32713
25202
179803
310310
-128042
-279932
67395
129314
-27480
-73525
-3041
44478
9816
-58698
150984
231406