0, -133, -623, 13258, 4087, 525, -27222, 54589, -13897, 199505, 
-432485, -6757469, -7038020, 6928013, 7872563, -20975374, -22950302, 32514711, 42029289, -68102665, 
-64198467, 95288023, 149523162, -278958323, -124321718, 635411352, -526599367, -62856350, 335628042, -91446374, 
-125478535, 30984933, 86875033, -26384234, -45159847, 12222174, 28035371, -7411491, -13184972, 4691843, 
9780340, -7231880, -4072458, 7683501, -9696246, -2840702, 3330777, -2269127, -4041294, 1614951, 
391118, -4767503, 4247663, -1422168, -3655479, 5536646, -2272694, -2288465, 4907570, -721552, 
-4305731, 7489392, -1665281, -3823419, 6650655, 9874, -4587224, 7043780, -292297, -4219348, 
6297212, 3075031, -8827723, 8056088, 4865043, -9255571, 5654234, 4993116, -4766734, 2548814, 
833847, 3148534, -2964739, 2965089, 1660004, -2559224, 3947928, 580440, -1664213, 195487, 
6350653, -4967615, -539019, 6651154, -3651505, 219328, 1752452, 2266411, -4158606, 4266647, 
1166248, -4410651, 5497515, -3018359, 3659826, -2697329, 98634, 3126896, -904010, -914470, 
-886058, 3725686, -1645343, -187338, -953231, 720029, 4200354, -4998019, -1286947, 5100127, 
1226432, -8123176, 5627062, 3011291, -7694820, 6614007, -2987081, -210748, 1621197, -1350368, 
1638437, -2765231, 1593532, 1383698, -2406425, 1367993, -2385095, 3597773, -381759, -4672860, 
3111664, 3480954, -4734468, -3507280, 12919787, -12961617, 2215950, 10811849, -14270380, 4986395, 
5936715, -6286050, -2706297, 8303196, -5084184, -2961018, 8583830, -8782840, 2701207, 3813768, 
-4232256, -658885, 1608808, 3245014, -6425807, 2777208, 2196763, -3020943, 714198, 1231994, 
-2153417, 1851548, 782326, -4582685, 5680646, -2126790, -2648469, 3743095, -726672, -2334141, 
2440622, -1172741, 645277, -1228791, 914284, 260731, -1275878, 913161, -760417, 1768837, 
-2017492, 36675, 1940071, -785925, -242542, -1247499, 1836289, 1742605, -4245775, 1192737, 
2034462, -424998, -1716839, 422938, -655322, 4046295, -3592757, -3125803, 5999772, -289139, 
-4231213, -810199, 8238581, -6895179, -1663480, 8413069, -8619499, 4185953, 2766573, -7993153, 
6249140, 2741665, -9195953, 4756762, 6240606, -10191633, 2022151, 8875166, -10329758, 1324217, 
8473803, -10028433, 3207850, 5251342, -8376406, 4604315, 2095510, -5426826, 3296958, -51398, 
231171, -885708, -2380232, 5352364, -951697, -5018775, -45686, 11996063, -12498559, -1673943, 
10977820, -4663750, -3885891, 1361869, 4506386, -3288711, 343269, -2983048, 4807696, 1865397, 
-9697433, 8406001, -1226812, -1793582, 1172165, -3596481, 8155120, -7574606, 1419281, 2952123, 
-2073191, -43442, -913320, 4459954, -7463643, 6018733, 280777, -5710346, 2113340, 7004991, 
-8097892, -3772516, 14832132, -11112800, -2224981, 9399731, -5282209, -1495998, 3037859, 353566, 
-3648325, 3426151, 82758, -4307563, 5913051, -3592370, -2264987, 6826781, -5842457, 911312, 
229621, 3727326, -5039857, -365400, 5845449, -5111539, 1758577, -722698, 209383, 2438872, 
-4584714, 3664221, -1740592, 952138, -189708, -1298131, 1269100, 1085467, -2647611, 528842, 
3277671, -4547867, 1934147, 2276611, -5731198, 6730854, -4222670, -427264, 2952021, -1779168, 
1017350, -2968187, 3946042, -660776, -2527398, 808143, 2854877, -2721551, -1442820, 4671605, 
-3715302, -388283, 3360268, -2316897, -690605, 1037808, 727072, -619847, -837869, -441233, 
3850134, -4378455, 779691, 3599678, -6026979, 4682431, 1229748, -7857402, 8844259, -3052476, 
-3354848, 4737750, -378564, -4526432, 2832232, 5908514, -11065392, 4526000, 4936847, -3713840, 
-5176630, 8101452, -2701190, -1814602, 2001517, -1895165, 2806394, -2639597, 1974550, -910102, 
-1980993, 4695954, -3255208, -140503, -971549, 4237107, -2725641, -2587166, 3016532, 2059107, 
-3919155, -785347, 4819036, -2181661, -3000156, 4616788, -2837748, 1605772, -1498708, 1286688, 
-1171752, 1225835, 345507, -3993411, 6476422, -4665379, -236091, 3844893, -3373187, 630083, 
-537792, 3860392, -4934997, 216962, 4657483, -2920591, -2408771, 3736753, 260144, -4235815, 
5050819, -2313771, -1155817, 1176935, 3114375, -4569117, -1688740, 8184746, -6128501, 431562, 
-1398940, 5759374, -3959888, -2757557, 4556548, -1566074, 1617913, -5060817, 5077918, -368716, 
-2623709, 928876, 1258001, 1139563, -6665612, 8920757, -3415594, -5014044, 7069009, -1400984, 
-2374793, -1744420, 7046537, -5061527, -1464913, 4456255, -3354311, 2134961, -1658376, 331489, 
6993, 958579, -126895, -2848271, 2339233, 2844405, -4844041, -415459, 5982096, -3821838, 
-2598296, 5455448, -2710096, -1702287, 3889809, -2823419, -442616, 2707965, -2568703, 633598, 
1248027, -2353006, 1622058, 36486, -300398, -1028666, 515618, 2138228, -2651041, -808781, 
2909312, -33271, -4241892, 4529223, -1292042, -2195735, 3524310, -1533741, -2467643, 3542824, 
761498, -4867736, 2301329, 3063097, -3063712, -1491658, 2135769, 1712822, -2784924, -550357, 
1205978, 2999669, -4234193, -2098904, 8785330, -6414795, -2449785, 7282301, -3256086, -3543404, 
4638935, 507650, -5341296, 3498391, 2574868, -5267560, 1509490, 2297981, -1066330, -1758647, 
1183171, 397254, 477055, -1067268, -1534643, 3282588, -1058422, -1172258, 101517, 832882, 
1463788, -2895011, 983054, 845098, 683153, -2162933, 237014, 3364786, -4559669, 2962181, 
99962, -3242618, 4431062, -1988386, -1634038, 1875476, 1547740, -3195588, 1058632, 1346361, 
-820189, -1114492, 2374347, -2520904, 1519639, 201237, -1321274, 1224516, -1298767, 1351147, 
-586858, 650056, -2319962, 2857118, 273262, -2979716, 1760053, 241716, 764936, -1148747, 
-2291901, 4708278, -651444, -5120348, 4120919, 1961937, -3634171, -1457379, 5580824, -2359092, 
-3065674, 3188152, 1327548, -3221757, 500570, 1826268, -521133, -1849973, 2154225, -1027923, 
-370717, 1752249, -1826847, -121083, 1766215, 133389, -3090721, 1964936, 2261998, -3714796, 
681356, 1695458, -1284075, 514870, -1157497, 1035194, 28938, -365957, -68271, 409872, 
-1312575, 1803924, 999633, -5026061, 3437401, 3650407, -7153180, 2186003, 3594055, -2500177, 
-2673093, 3852815, -94807, -3239404, 2979878, -1460028, 1710116, -2636265, 1393524, 1105683, 
-1955667, 215757, 749854, 813172, -3100228, 2880224, -43677, -2575967, 2504929, -139461, 
-1763847, 1037194, 1175886, -1990108, -62023, 2168847, -2157291, 651926, -198937, 515883, 
-481302, 209320, -414161, 468286, 415020, -1623477, 2343934, -2499587, 1888757, -795865, 
-830, -531444, 969563, -231947, -1119742, 1343469, -637603, 502142, -745505, 248049, 
747248, -459644, -1083301, 2172433, -1793126, 602667, 157151, -651526, 1504699, -2365065, 
1762966, 725924, -2048753, 1157912, -320673, 1815726, -2322256, -395628, 2955181, -1459509, 
-1490391, 1001825, 1797053, -2683780, 332859, 2053062, -2011127, -57928, 1890910, -2214716, 
1509076, -429500, -1030927, 2064894, -1139515, -755889, 668922, 1236778, -1262612, -2012265, 
3956381, -800181, -4123849, 4121352, 1321604, -5296979, 2844747, 2759058, -5342850, 3495102, 
-151184, -1369517, 432130, 1488992, -1409109, -576211, 1510468, -440930, 631267, -2504538, 
2397519, 487476, -1838518, 257645, 200517, 1173970, -862234, -1930637, 2284285, 858068, 
-2844962, 43251, 3539885, -2586833, -2399630, 5185887, -2315870, -2706936, 4352350, -2095863, 
-423872, 362382, 2173499, -4133553, 1926337, 3923374, -6745480, 2096908, 4276550, -3533646, 
-2547953, 4000947, 2365978, -7955284, 5096300, 2499781, -5643246, 1896454, 1992395, -681138, 
-2492027, 1055660, 4217305, -6380437, 2849890, 1420316, -1719886, -183167, 290970, 1940906, 
-4201969, 3770410, -215330, -4001501, 4382960, -976204, -890739, -2097119, 4813655, -1824201, 
-3491435, 4193685, -623248, -970830, -1140612, 2504706, -419544, -3244368, 4562752, -2117420, 
-1498441, 1695063, 1850425, -3502052, 115485, 3370890, -1706893, -1882820, 1803821, 926125, 
-1544736, -146877, 726965, 501729, -1582924, 1346337, -274259, -465775, 536008, 31982, 
113067, -1013917, 1818698, -1256430, -301074, 1465820, -1440456, 286278, 446201, -34016, 
-1161216, 1792606, -938139, -583000, 901254, 1363914, -3681218, 2074863, 2765770, -4925518, 
1570103, 2080793, -743644, -2441274, 1360494, 2749568, -3022189, -1076778, 3273472, -218554, 
-2513291, 464747, 2789944, -911510, -4305144, 5067861, 801114, -5639098, 2351501, 4931820, 
-5640023, -1150065, 5706445, -1662871, -3441619, 1121397, 5224548, -5487427, -1107970, 5402460, 
-2274647, -3193743, 2687817, 3263133, -6958305, 3189087, 3854704, -6302869, 2453096, 2422167, 
-3008184, -652308, 3196792, -572222, -4549224, 4706854, 672738, -4234797, 1677148, 1630628, 
-374609, -2557629, 2934022, -739429, -1489500, 2248312, -364902, -2901910, 3144550, 448771, 
-2790027, 360940, 2435651, -1192556, -1787924, 1973139, 635788, -1982676, 702480, 1782063, 
-2550758, 899445, 951111, -585187, -1394885, 1341959, 1191814, -3053523, 1431906, 1380337, 
-2048686, 631041, 50244, 631589, -537501, -1330069, 2170406, -3575, -3011797, 2712229, 
461792, -2766342, 1996955, 14898, -1119728, 732575, 158320, 401545, -2294316, 3053490, 
-883409, -1219442, 122379, 1557562, 793709, -5321659, 5290235, 347766, -4552034, 2156225, 
2783590, -2997460, -1716399, 4901903, -2028214, -3573541, 5149475, -1550572, -2037071, 725568, 
1821693, -216239, -4387269, 5146990, -788421, -2720126, 1651276, 776139, -513844, -1457461, 
2176830, -857363, -593430, 278821, 1157254, -1386516, -417054, 2258511, -1886062, 80794, 
1502707, -2577593, 3167338, -2259816, -420410, 2457120, -1675261, 91714, -1218602, 3967966, 
-3545992, -1755938, 6455924, -5163360, 16038, 2100982, 1084826, -3315175, 458507, 3496753, 
-2499115, -637861, 247530, 2109733, -893731, -2848753, 2529473, 1541409, -2901970, -1013710, 
4253637, -1367766, -4506644, 5899137, -1883731, -910272, -886626, 2218080, 726469, -3775067, 
2174311, 1320852, -2482943, 1660400, -1018326, 724815, -779568, 1202904, -306570, -2179450, 
3055852, -797167, -1126455, -90317, 1707444, -1074311, -311342, -272591, 1663535, -1582226, 
-405376, 2184413, -1462523, -1277865, 2926235, -838472, -2479368, 3243498, -699073, -2205046, 
3124709, -1955296, -438262, 2030947, -1800125, -147492, 2208024, -2254653, -1002544, 5242057, 
-5474778, 838295, 2260965, -28550, -3105487, 889503, 3821206, -4240210, -164504, 3152720, 
-1215463, -1452145, 252104, 2887677, -2472625, -813906, 1222440, 2243946, -3449336, -661561, 
4204918, -2298147, -1742291, 1886449, 449843, -384623, -1923422, 2723380, -833483, -1042750, 
2257202, -2438465, 872481, 974543, 333524, -3165581, 1187630, 4793114, -6677867, 1709633, 
3617618, -4951672, 4402048, -3164712, 431633, 2310243, -3312894, 3828490, -4566809, 2604549, 
1157045, -2653710, 394608, 1104185, -208106, -430468, -998696, 2517222, -1250428, -1490873, 
1763103, 1601960, -3058032, -1334457, 5100146, -453108, -6720647, 4283518, 5065916, -7494670, 
1421142, 1614689, 2318274, -4123504, 497552, 1967139, 303012, -2170367, 274955, 2224775, 
-2295401, 209266, 1246983, -330596, -2530980, 3743926, -1551444, -552706, -92700, 1183943, 
-220075, 541693, -3739985, 4284563, 1581375, -6324796, 1249971, 7696293, -6516033, -5459510, 
11785479, -2536726, -8725485, 5031210, 6821965, -5484750, -8639915, 13341981, -2275906, -4111997, 
-4360882, 8929695, 2544160, -11819547, 1678838, 12809953, -9215027, -4416952, 4797334, 9292784, 
-15770568, 5198179, 7031044, -4592799, -6052278, 7879494, 1250020, -6753636, 970177, 5885104, 
-3781039, -1904536, 576916, 5795746, -6686293, -1202959, 8755568, -6906898, -1182403, 2855823, 
5335421, -10737759, 2830661, 7974268, -6064264, -4348392, 6844160, 854841, -5727184, 2448367, 
2395671, -2073841, -2807667, 7848396, -7785048, 1606840, 3230527, -854584, -3528947, 1551082, 
3259476, -1362595, -7214140, 11933142, -6236603, -4116823, 6762060, 1680407, -8398872, 342526, 
13002912, -9797477, -8685833, 14892198, 1689796, -15886186, 6095204, 11047151, -8873323, -6948447, 
9409528, 7411036, -21009908, 13840771, 3433034, -9154196, -22217, 5819631, 1809378, -9693037, 
3301425, 7322389, -4959155, -4107089, 1592563, 8081661, -3584889, -14366944, 20719217, -7646749, 
-2393198, -4028535, 8540642, 4583350, -17426231, 6638438, 15238565, -17913927, 1484518, 5023549, 
8193439, -15649760, -1436643, 23637696, -21421640, -414999, 9525975, 4965946, -16066409, 458513, 
23070987, -20727583, -4797212, 18557607, -7018918, -4603684, -3078901, 13080544, -3626414, -14364604, 
15501264, -912724, -6637418, 82454, 3422076, 6545948, -16149943, 9013330, 7370922, -11756164, 
263226, 8073829, -1040331, -9036136, 7360928, -408640, 922953, -5737154, 4502254, -149385, 
912553, -4903585, 5063871, -1780227, -635200, 587418, 2113121, -6203791, 7967376, -5841422, 
3793806, -4001238, 3315496, 534255, -5333204, 6033939, 1706036, -14411090, 17036255, -925421, 
-17147099, 14574579, 995000, -2927346, -10161604, 11010047, 8688243, -22483289, 8601075, 15461070, 
-18808909, 651895, 10259112, 1142514, -13493706, 1845085, 22109609, -24939536, 2388113, 14356723, 
-6705199, -4566210, -4097289, 21318446, -20207455, 1369481, 9089691, -683935, -6321184, -5841451, 
22918284, -19195508, -2677823, 15479710, -8256758, 504781, -7450472, 15235868, -5401209, -13001011, 
17052345, -6113921, 1136315, -8870102, 10561627, 6031147, -22372287, 16109212, 4051798, -12171559, 
7041882, -9970770, 23133626, -22927684, 1791461, 15416623, -10671647, -996656, 980774, 3911782, 
1044134, -10905499, 11060993, 175234, -10919206, 12556499, -7690021, 5088013, -6683212, 5050501, 
4736062, -13904689, 12570720, -4674056, 471813, -1521973, 5566037, -13576144, 20892534, -15485190, 
-3231161, 19351734, -23330019, 21934238, -18765381, 6561707, 12241083, -19537903, 7044043, 9147198, 
-12625671, 9642677, -12877789, 14749022, 1837314, -28648857, 34164748, -8833408, -16670360, 15166654, 
-2692912, 6860357, -17150984, 2434052, 29261363, -34125052, 540057, 27629983, -16293027, -7601001, 
1947894, 21068715, -16728784, -14505379, 25110268, 754550, -19533216, 1950380, 17088611, 1424549, 
-32879315, 27928074, 6859518, -22062613, 4625349, 8360293, 4143330, -16231035, 3481030, 16496742, 
-15065581, -2764288, 9369784, 1017351, -7663578, 263615, 3524523, 9744503, -22664443, 11796426, 
12803852, -21442738, 8946121, 1144416, 3203578, -6094300, -5873877, 19463046, -13368672, -10031451, 
26108870, -19990909, 4328513, 1020157, 2069140, 2102780, -13490131, 13938845, 3203421, -20509678, 
19817486, -5736885, -3375557, 1588983, -3494135, 20642452, -38658803, 32438749, -3429980, -19882219, 
22445947, -19638967, 24546052, -24120822, 2765502, 29058539, -45044085, 32706716, -3797045, -21632630, 
34927316, -40713178, 38992133, -19889592, -16134938, 46595506, -51530133, 36193854, -16571515, -4322046, 
29134162, -48610307, 47007510, -22686717, -8718113, 30128175, -37503929, 36444458, -28025977, 7462077, 
21938095, -43408980, 43527595, -26187740, 5424313, 11486293, -25660434, 37734337, -39563444, 21828022, 
10020127, -32945711, 30012319, -12079688, 3272255, -8041084, 7599581, 8836151, -24197848, 16858738, 
6478127, -17635494, 8325257, -1089369, 10375795, -16374685, -1430091, 25605573, -24229909, 1156591, 
10773697, -1531262, -2468178, -14330223, 27793721, -12418196, -14003642, 16821153, -1680451, 3828687, 
-24373974, 24283879, 10334728, -42489583, 39484967, -14387922, -4319127, 11823812, -18278890, 24023293, 
-18376037, -3344579, 27357959, -29985005, 6554232, 16814957, -16245326, 2688831, -714649, 8071817, 
-4088877, -13250831, 23925169, -17672445, 6276030, -3029371, 3827120, 2536278, -13216001, 13119551, 
-494092, -8212903, 3776864, 3238805, -4955335, 8932309, -17761766, 18998751, -6907303, -7387480, 
15901888, -23777894, 31123402, -27302735, 8645257, 13701416, -31367527, 45270601, -52925564, 43575504, 
-16356333, -12807905, 29578986, -35135854, 33173426, -19414407, -4594454, 21792919, -20078662, 8072529, 
2408650, -13825606, 26734213, -25812431, 2929895, 21181621, -22215582, 8330419, -6965288, 19853940, 
-18375895, -9338358, 30778449, -13674434, -21762562, 28455695, -4387512, -7605658, -6751246, 10661076, 
15571754, -35966577, 17705704, 15999275, -25354746, 14649809, -14216534, 26491421, -26560907, 8122753, 
6135761, -3714489, 3704267, -23920845, 47537334, -44207705, 13439202, 18517087, -37492673, 48966384, 
-48769282, 20743592, 27965268, -57923602, 43304668, -5141522, -19409415, 24774096, -29036629, 33598131, 
-22615653, 172950, 7937172, 5307787, -14064287, -525521, 24795408, -35790650, 30651946, -18606464, 
3380316, 13578954, -23915568, 19886159, -4730958, -9054135, 11526823, -3188869, -4971398, 2395895, 
9720028, -20610176, 23033510, -15154262, -5293509, 34705353, -51173034, 31820465, 11447154, -36479290, 
22859850, 2987102, -9659161, 2062724, -293872, 378089, 11675629, -22275999, 3382457, 40143988, 
-67199779, 50617360, -6543635, -32549729, 52505568, -54942423, 38529635, -2060806, -38378247, 53942359, 
-31602196, -9810753, 38647059, -41327734, 25398512, -532415, -30740968, 56910413, -55185327, 17828814, 
27850038, -49172380, 44484496, -30379442, 6693885, 29105588, -49543872, 24661949, 21970308, -35415123, 
5857444, 22965609, -24317026, 16012236, -12553832, -4420458, 43735619, -70598008, 42720833, 27740322, 
-79894801, 73448304, -31619696, -1014061, 17637803, -38365894, 57706550, -46405273, 1889063, 39065362, 
-45686914, 24287703, 1009459, -16929115, 24359488, -25711034, 18313018, -472826, -18990978, 23530484, 
-7533839, -15734566, 27795603, -23319851, 8038850, 9419070, -22032977, 24492134, -16461210, 1783680, 
13862086, -24849293, 25377512, -11277747, -14447265, 35750320, -32239239, 4767511, 19727120, -21351854, 
12464253, -9491714, 3839679, 14284331, -24882072, 8143718, 16196706, -16285017, -3020983, 14570356, 
-14999251, 16538918, -10177828, -20223169, 52966972, -43971141, -9330420, 58236780, -65746679, 43395719, 
-11875791, -30946800, 80000132, -96379530, 53250518, 16406950, -54599245, 49584442, -34211334, 25186764, 
-4596485, -31385445, 47363761, -15731644, -34582717, 48558600, -16187169, -18661660, 21219037, -7244628, 
6755761, -13984590, 670330, 32640059, -46825149, 14872034, 38746917, -64913987, 49899429, -22139921, 
3283736, 18703865, -50436362, 63386541, -30341446, -26869959, 57567108, -39678610, -4461735, 41399312, 
-54685325, 43147935, -10848532, -32547083, 65887903, -64223594, 19638454, 44385237, -85580912, 75315856, 
-22109380, -35222552, 60992559, -49254896, 18997842, 9209864, -24855301, 26944187, -21752341, 15996812, 
-7417345, -6449256, 14541405, -4896767, -12728075, 18362128, -11333775, 2690437, 12185572, -45771949, 
81882316, -79699524, 23119425, 50366120, -87553496, 72268280, -27361486, -24768616, 71896824, -90123793, 
52366492, 28259212, -93237393, 94638177, -37826279, -34396118, 78227768, -69687886, 14477888, 50476010, 
-80845889, 59877241, -8053050, -43249311, 75793375, -80220993, 43136701, 33819403, -106565670, 113161120, 
-43235968, -43834511, 84337119, -72603600, 38992147, 1121001, -45303546, 68692849, -37073634, -37869958, 
90548432, -70732583, 598102, 59092204, -80110751, 74665258, -49241983, -5932182, 75788229, -110583587, 
75890766, 5577585, -78638635, 107178062, -89676650, 38836907, 29254953, -86379737, 98270931, -54477624, 
-15416415, 68817479, -85187159, 68297609, -27858646, -23461421, 62033405, -63543482, 26162758, 24787225, 
-59085982, 63763203, -41950079, 257859, 50539778, -85310412, 75615207, -21103841, -42693048, 77474263, 
-73415815, 40137199, 14240025, -76526788, 113169068, -90288859, 15460141, 60922133, -94381319, 81877542, 
-39928602, -22229560, 87361900, -113402578, 70919453, 13910069, -84603530, 112568660, -101405607, 52101767, 
33622142, -117570060, 137350527, -70673707, -35062158, 110350071, -122349988, 79377246, -1707035, -84124076, 
133715924, -105137113, 6708344, 93948804, -127012701, 81650046, -1480954, -67547368, 104617574, -98180611, 
37559945, 60673331, -139058416, 141855506, -70807978, -21537724, 87967584, -114706730, 99599627, -38592742, 
-49992873, 115159855, -111561998, 44184458, 40045875, -100223352, 125356891, -112667341, 51020792, 50586628, 
-135408395, 138564059, -59876862, -35083018, 89335189, -97956671, 72188299, -7197825, -86650256, 152514461, 
-130761499, 30063522, 73352550, -113994517, 92355634, -45612267, -7577449, 62682425, -93444693, 66469077, 
6021208, -67340589, 80774911, -62444724, 41777764, -19453630, -18097931, 60144254, -74078576, 45202095, 
128703, -23850955, 17737315, -3255670, -6493538, 19241471, -35680438, 35430258, -7468138, -23786054, 
27009304, -7528428, -3122563, -4352887, 6669205, 6875367, -11727425, -10258202, 31387670, -15201700, 
-21327510, 24890241, 12804882, -35327032, 4658096, 39059972, -38293372, 5342170, 5075650, 9589603, 
-404705, -35742299, 34564839, 29655082, -82936364, 50041369, 32918394, -70534969, 44796769, -20606996, 
25073377, -6975388, -56515601, 94721655, -42412575, -53293171, 92549749, -57198243, 12366910, 5251289, 
-24455095, 58165480, -61761413, 5808855, 63744777, -79648618, 38901449, 8997628, -36887511, 57543992, 
-71623384, 48051212, 23758058, -95644667, 104405484, -42229963, -39844383, 89566094, -91898802, 55874939, 
7805565, -78783578, 115761057, -82388588, -8045754, 90820771, -106412474, 53681518, 20585398, -72533616, 
87644160, -65981363, 9403376, 62732994, -105394439, 82094417, -8330328, -57774780, 72207546, -40294304, 
-3762019, 33945521, -43372386, 31189781, 1431326, -43546991, 68152603, -51657022, 503027, 47550842, 
-57323145, 28270373, 11253663, -34660799, 37140249, -26594521, 5447287, 27134781, -54683570, 49951151, 
-13154464, -16925555, 12687964, 5238978, -4037272, -11865264, 17719735, -14738214, 22340514, -36739123, 
30607795, 3286503, -36551002, 41143262, -23473302, 7481813, -171270, -9361926, 19848157, -12874909, 
-15719682, 37800586, -22921776, -18884660, 44293241, -28637291, -5540095, 24800633, -27728459, 28229848, 
-14609002, -31285267, 80088176, -70456729, -6026399, 78720337, -80843621, 25679827, 25688876, -43820683, 
41505768, -27471100, -4767750, 40266530, -39288982, -9637462, 60001202, -57781100, 5578320, 44821861, 
-54882197, 31885985, -2360640, -21774569, 42718505, -54037453, 37382385, 10906614, -60246861, 69913965, 
-35505028, -9202616, 37273845, -52851222, 60616495, -43570160, -8008055, 65667498, -86488930, 58414062, 
-6062108, -41111142, 68314059, -67498441, 31761421, 28784644, -78423281, 82895606, -45733098, -107599, 
32293271, -51036835, 53883315, -31010747, -7922295, 33823583, -36236821, 33959141, -36686758, 26321755, 
6324673, -38196132, 46424339, -39633572, 32291939, -15178408, -23850391, 66080271, -77647726, 50104575, 
-4351442, -38699029, 71651863, -84149275, 59048549, 3434495, -68901010, 96246111, -75655543, 26349949, 
31699422, -82982844, 103244461, -71615598, -676606, 72781739, -109205763, 100328445, -53515743, -17617647, 
87168878, -118440170, 89083538, -15549874, -58640135, 98790462, -96261539, 57066742, 6199174, -70020141, 
103436408, -87145626, 29790047, 37096567, -79273080, 81472750, -51118803, 6992928, 32943541, -55184899, 
53257180, -30371737, -3095249, 33762234, -47478534, 35474379, -3562165, -28954023, 43112512, -33064256, 
7099360, 20954305, -39769317, 40885029, -18912726, -18984497, 48078370, -44370553, 11740564, 21217818, 
-32655775, 26034901, -14670888, 1239739, 18057496, -34861275, 30219073, -1095349, -27830951, 32095701, 
-17862790, 6748817, -655985, -14149916, 33412522, -33749305, 8821896, 18505298, -27138394, 21133309, 
-12226477, -170755, 19263564, -33016778, 26130796, -2782124, -17183965, 23289764, -21190181, 15935094, 
-3967781, -13936485, 26063506, -22313989, 6837982, 6797698, -10399505, 8290014, -10079019, 15756308, 
-13705474, -1396295, 15469506, -11714068, -3303081, 7283513, 3929283, -8605323, -5530372, 18268294, 
-6453278, -16403385, 17644333, 3056341, -11786842, -4582170, 16304001, 889084, -25257343, 22667899, 
1631193, -14627351, 5403377, 3995305, 2580095, -12180242, 5500865, 11812251, -17179154, 3673715, 
11561355, -13263589, 7210882, -5028364, 4501606, 4187733, -18241926, 22742656, -10352496, -7636217, 
14698806, -8377110, 977853, -962262, 2767259, 782476, -5423363, 2361715, 5475489, -7807571, 
3229244, -1302629, 4590849, -4108803, -4339715, 9958612, -4251692, -3963178, 2353788, 4358168, 
-3045484, -5134562, 6927243, 685475, -5709373, 1064833, 4839134, -2682997, -3177579, 2942179, 
2033558, -2574622, -2924307, 5980898, -2484262, -2564978, 3989316, -2313923, -474422, 2734828, 
-3622429, 3839486, -4310492, 1901944, 5588381, -11981896, 9993028, -2626523, -1138338, 924420, 
-1868918, 4749304, -5056636, 2404418, -175856, -292593, 518744, -1435986, 2239674, -2133266, 
797645, 1899680, -4993092, 5796661, -2673663, -2424824, 4129517, -1185046, -1744916, -43396, 
2755351, -733100, -3756439, 2077082, 4824791, -6793806, -443771, 7001490, -5216391, 339336, 
-862653, 3642345, -1162411, -5145296, 6117697, 82071, -5724631, 3068958, 3779462, -5235715, 
-1346647, 5570609, -251352, -6357236, 1494528, 8320920, -6454451, -5618862, 7821054, 5124242, 
-10707347, -2104966, 13950785, -2607893, -12113374, 3678477, 13465901, -3438457, -16905253, 2922920, 
27074369, -11943573, -37129183, 38319277, 14913443, -41284278, 9214798, 12316351, 12760427, -30198523, 
-939285, 36836598, -25710860, -10350817, 19042101, 5096105, -17242326, -3969842, 26091529, -11163421, 
-19532689, 20319000, 8042954, -16639521, -6795205, 20730091, 3120970, -27312391, 10672101, 22997098, 
-18750385, -17733070, 26269531, 5945871, -26143759, 4559715, 15461465, -1402375, -18658304, 7137007, 
17127629, -16194752, -8553785, 19650799, -254254, -20995710, 11765438, 14263486, -15030321, -10284563, 
17733513, 7831043, -24795673, 3631005, 20852377, -12049656, -12054691, 11531564, 10262254, -18849038, 
1976902, 18632486, -11729268, -13302572, 12889370, 24273686, -29820199, -27662314, 53941572, 23516527, 
-92101262, 20172385, 93142321, -75366343, -25491832, 30643346, 42249685, -34068125, -61564068, 88034290, 
-2581348, -64494594, 28534039, 32822937, -19847703, -37998445, 40079151, 26168734, -63163431, 17492425, 
38436055, -20723812, -27917037, 20113516, 33130956, -39453544, -13362298, 43782932, -7681343, -31222761, 
15132782, 19101486, -10918122, -22538184, 19871712, 18570384, -37521665, 7473965, 27742143, -19427680, 
-19069407, 23370010, 20384028, -45016122, 5242769, 42021579, -24115791, -22116431, 17848478, 26741943, 
-30646389, -14971740, 40498396, -13110985, -21261548, 15620297, 11537755, -19586049, -4377864, 24927484, 
-14826964, -13530339, 17625136, 2544027, -10281725, -7473374, 16029584, 4892761, -21746091, 7886374, 
17267911, -11704781, -12230332, 12233644, 17901709, -26672849, 204084, 10958899, 4739796, 10632706, 
-58097034, 41686284, 46997902, -86562265, 21330253, 36721228, -12121375, -23962938, -806580, 39928370, 
-31044239, -7621386, 27875930, -17211500, 127603, -2636542, 19429704, -12897816, -22846375, 41862539, 
-10789082, -27392474, 23222560, 13187481, -25951349, -3410179, 41209079, -37704605, -10210487, 51148135, 
-39911484, -4420839, 24661881, -7849005, -10827129, 6135662, 3984079, -10541577, 25025873, -34112970, 
1153290, 51245527, -41116335, -33644825, 68519140, -10735785, -46532228, 27858199, 10837182, 2388847, 
-27397384, 5438245, 32941734, -34549684, 5777526, 12967076, -13970556, 3534603, 2383535, 3601128, 
-13478948, 4160425, 12111911, -4154420, -21140737, 20318476, 16755436, -46775907, 32298176, 12611700, 
-35933576, 15807797, 16100897, -15053954, -5021664, 8690494, -124768, 2547726, -1168553, -10737904, 
-3982361, 38387534, -19339749, -60335566, 85570499, -8348569, -68430959, 52322008, -3781962, 4292834, 
-25385593, 1790037, 45725759, -46425551, -4916874, 42124909, -18826914, -23209769, 19269830, 23805361, 
-36583373, -1342564, 34286649, -15924006, -21927852, 27802757, 31785, -17529682, 3909691, 15654455, 
-8311231, -15236676, 19077759, 706719, -13670035, 6553443, -2411331, 9395704, -6314498, -14027881, 
21246381, -577672, -15411197, 1742483, 12976856, 4622455, -24946790, 7255087, 24050019, -14902678, 
-17662276, 15217071, 20653277, -29884205, -921211, 22067325, -11445277, -1170048, -4337029, 3638015, 
12234342, -22299188, 11229839, 3382538, -10340340, 11186013, -7257600, -3368048, 6247715, 6108169, 
-15423898, 4429977, 11157520, -7726994, -7055043, 10918881, 266702, -10483030, 11577233, -3744655, 
-1871675, -4618835, 17688470, -9391896, -20252274, 24152655, 14933308, -33841386, -15080413, 62775635, 
-32381108, -29900703, 28372581, 16180496, -18575371, -24144621, 37895335, 1774405, -44910293, 42441752, 
753205, -33064431, 15381755, 23752134, -18824592, -24511913, 35995546, 5020543, -33620261, 14680774, 
11131709, -1926331, -17189807, 8706911, 21988579, -32983130, 4287776, 32776134, -32713244, -1504464, 
21782182, -8187381, -7598455, -1476335, 13898080, -5446504, -11641856, 12217788, 98536, -2773807, 
-7625216, 11836977, 4259059, -22540999, 20306840, -130670, -9918263, 3455958, 134055, 8996783, 
-13807742, 478240, 15775819, -16429825, 1634963, 8226941, -5679665, -3515108, 2265581, 8815316, 
-13929080, 531953, 14390892, -10036895, -5536913, 7657901, 326183, 1435442, -9020633, 1470994, 
15553340, -14838878, -1306100, 7276540, 3149592, -4629341, -5373294, 4371995, 12993124, -13021268, 
-14327890, 22810715, 17913572, -54155322, 16746951, 55013993, -65751043, 6369508, 31334099, -9481763, 
-14528939, -6263166, 34767422, -22455746, -19132389, 41562566, -20916118, -13822514, 19623867, 4102538, 
-10344497, -15468337, 31819508, -6571645, -23749551, 19145693, 7615707, -14535342, -2630489, 16404524, 
-5742453, -16828515, 19818904, 5753746, -28742835, 16956816, 12258672, -20230511, 4237520, 3963214, 
3573221, -4716699, -9167244, 18456684, -9483575, -3435603, 3707742, 3478432, 2489083, -19414190, 
23837965, -3068749, -17580860, 16505475, -5215856, 4407744, -7061536, -2544481, 14021910, -13503488, 
4224321, 181926, -3461688, 6076368, -7056412, 5031207, -5533704, 4114110, 2773820, -9705677, 
9554815, -4571916, -710758, 4410902, -3867525, -1665404, 2481131, 8194799, -19722982, 12673857, 
12824759, -29079378, 14984169, 16237056, -23652336, -2941489, 26812856, -11631328, -14644458, 3854627, 
25563621, -10542109, -44083142, 54245190, 3540958, -52203170, 30721756, 11893693, -13441588, -11613932, 
11525144, 15162771, -30378175, 13057052, 19284235, -29661131, 5492936, 22693509, -14865888, -15149409, 
20998655, 7493153, -26277083, 10501024, 16833223, -20704870, 3378000, 11165465, -7038842, -5414006, 
7448609, 3990483, -12086717, 5604149, 3312267, -3045569, -134163, -3810756, 6266906, -1328225, 
-2217805, -155345, -2545799, 7754956, 2698767, -21198698, 15764662, 13640135, -23257712, -175719, 
18797709, -5611299, -12087962, 6435833, 10317536, -12897600, 105476, 10477153, -10201261, 1228345, 
2860128, 1664332, -7272022, 1031179, 7947825, -6660746, -2733965, 3733981, 2654140, -3837264, 
-1876231, 2756374, 2660656, -5213913, 1224590, 5088177, -9388441, 9096951, 711486, -13612743, 
15691604, 162812, -14963873, 10185457, 8432434, -10395238, -11582511, 22264739, 5721056, -39217948, 
23393521, 23838604, -37049616, 2930105, 18476720, -857264, -17884206, 4433055, 20088841, -25638285, 
9860149, 12333954, -19970454, 5613052, 11777362, -4034968, -15443160, 13155509, 10952147, -19535689, 
2953537, 13917460, -11889977, 1805460, 3613318, -1601962, -1950828, 319776, 8231478, -12171290, 
870458, 13569963, -10017620, -7686650, 12365847, 1990677, -11306948, -995785, 17158661, -14592140, 
-3160082, 16338824, -14124658, 2023452, 9661128, -9737341, 70551, 5138661, 4088147, -13141794, 
4386084, 12310710, -13622028, -14765, 4561049, 3964168, -7917494, -3676177, 14218774, -11144064, 
-2475935, 11498100, -9064520, -1575025, 7037464, -1768807, -5027830, 1591512, 5123992, -3050686, 
-5098372, 6614858, -476079, -3977654, 2499037, 3102503, -5625990, 1241252, 8645025, -9607735, 
-2867476, 14010389, -3570358, -17819879, 17400473, 13340987, -36015149, 14438212, 26554754, -35643084, 
6168470, 16138622, -8942396, -5960903, 2939261, 10411854, -14572197, 1781740, 15820277, -16812957, 
-1031294, 12482907, 725590, -14126555, 1950871, 20104216, -17097028, -3700643, 12854561, -3320348, 
-2746796, -1835920, 6649870, -2355572, -5513668, 9006957, -4653371, -3209151, 6884001, -3203541, 
-2771934, 3457951, 543026, -2695379, -1186356, 5014504, -3309763, -1055962, 813934, 1738850, 
113378, -4334000, 4055974, 1212259, -4830762, 6116868, -5245388, 819482, 6153069, -7669693, 
1375141, 3077696, -966385, -3633654, 2623499, 1092326, -4298502, 2285650, 2409788, -5571680, 
1486745, 3908467, -3414300, -1605477, 2161485, 2657175, -5978885, 2888348, 2737840, -4471431, 
-1054473, 5129452, 1632563, -12295107, 8460033, 8829662, -15141911, 2603864, 9068366, -3370833, 
-5943657, 4564808, 5095310, -9272010, 2216155, 9075626, -8220884, -10168629, 22506145, -8369235, 
-15276933, 15277200, 1275673, -5890595, -4689690, 7612246, 1835955, -10123750, 10139201, -3447217, 
-6175541, 10098015, -1974046, -5367477, -622250, 10502641, -5645034, -6510910, 9705393, -2480484, 
-1308698, 151175, 2080189, -1162939, -1147590, 4152063, -4032747, 510217, 2029777, -809646, 
-2433885, 3326970, -45920, -7081702, 8648709, 214523, -9828884, 5837717, 3759246, -2321795, 
-6971458, 6986811, 2680929, -7810674, 4977292, -317016, -2023062, 1271611, 3173456, -3295585, 
-5833977, 11576960, -2536761, -9844050, 7474378, 1633294, -3388406, -394337, -885854, 1359513, 
1200422, -340164, -5540090, 3846782, 3504938, -2562766, -5678660, 4464668, 5997987, -8232983, 
-847615, 6719603, -3491331, -1236471, 2521029, -1365208, -2023984, 4382193, -499631, -4097641, 
-101069, 7841845, -2794122, -9357212, 8401016, 6396129, -10519401, 12563, 3506202, 5082065, 
-1605018, -17406805, 20778608, 3437624, -24325571, 17290499, 324706, -5676189, 1426094, 283959, 
2187455, -5949812, 7275494, -925755, -7824326, 6934210, 1735399, -1760306, -5711859, 5591445, 
4679008, -8186970, 3042749, 1199840, 191163, 852234, -2694425, 2039573, 1453073, -3469030, 
3523043, 418968, -6161330, 4772729, 4578167, -8752379, 325685, 6094668, -1238063, -5182101, 
2583017, 461789, 1011718, -236572, -5492956, 5363972, 2658321, -7680111, 4581419, 468742, 
-2239609, 1960115, -20240, -983068, -1529974, 3990332, -1057565, -3457388, 1453723, 1845947, 
-260608, -3096520, -52469, 3286620, -1897343, -1309611, 820324, -424489, 182407, 1469934, 
-1024815, -3434573, 4121472, 2003166, -3161605, -3808743, 4718362, 5168975, -9727929, 1338956, 
5589115, -1747929, -3675460, 707740, 5242364, -6325305, -8792, 6652402, -5988393, -2028620, 
5525753, -261916, -3405903, -1055937, 4812690, -441914, -3172068, 365917, 4186121, -3008064, 
-183489, 2863606, -3069346, 1353204, 1959513, -2300412, -247225, 1809695, -522819, -1234440, 
1093599, 670999, -2663133, 1741974, 2019573, -3532703, 4086, 3094821, -1173267, -1303668, 
4059, 2566434, -1808168, -801416, 3447534, -3338602, 67427, 4058876, -2337102, -3037648, 
4997639, -1527267, -548063, -1203746, 2670421, -1808704, -991808, 3840700, -4456769, -283999, 
4458071, -2857421, -1414048, -364766, 4051090, -2074777, -3494745, 4282031, -1168474, 362062, 
-1745680, 2054127, -729985, -1258591, 3387521, -2725757, -1421858, 3097156, 711959, -3464995, 
-1085564, 6630039, -5623099, -412192, 3930339, -3559174, 1216425, -16236, 1273108, -3282985, 
1098537, 5084690, -7723833, 2858093, 3641932, -4295745, 414744, 1863022, 427036, -4158090, 
4467600, -310963, -4109386, 4392338, -2445926, 1908334, -2797636, 1354048, 2293940, -5553636, 
5794640, -3092588, -464223, 1431375, -57575, 1170570, -5224087, 6099517, -773236, -2996005, 
840492, 1526370, 2079857, -6400614, 4917494, 1091225, -5502380, 6330737, -4099312, 1120323, 
245174, 796138, -1500577, -95622, 3360123, -6260465, 5677767, 540106, -7502334, 6418055, 
1258506, -3217696, -3821126, 6774752, 1815755, -10212638, 6774029, 852739, -499171, -4368610, 
2018210, 6895298, -11663724, 6842109, 2068966, -7611611, 5617556, 870976, -4979675, 1546011, 
4356039, -4483922, -1639041, 5421171, -1734760, -4517978, 5196168, -73204, -3617004, 1097398, 
3141318, -1228205, -5799892, 8213343, -1370000, -6690451, 6380803, -440562, -1638484, -2668160, 
5793274, -2539746, -4384989, 7541237, -5005459, 1018091, -466091, 1226420, 1967649, -8216249, 
9544794, -2328455, -6547553, 8529774, -2939005, -2663201, 1888878, 4136179, -7304482, 2042802, 
7406033, -11633493, 7101318, 1424047, -7079591, 6346976, -2084566, 908818, -5392336, 8476601, 
-3732461, -3869239, 5337431, -2278767, 2698740, -6719261, 6743519, -44370, -7584875, 10189507, 
-6231889, -142771, 3672600, -2346721, 1028289, -2936585, 4634499, -1763991, -1909957, 933560, 
2183657, -912061, -4223431, 6415228, -2702824, -2984407, 5836141, -4951398, 1929254, 1249035, 
-3036243, 2936264, -1730815, 727216, -685859, 1154483, -555034, -2083431, 5762773, -7617533, 
5805203, -1212308, -2930446, 4437750, -3839775, 3049892, -2321752, 493496, 2556569, -4616064, 
4024843, -2004947, 1578656, -3393740, 3764933, 830598, -8159773, 10874112, -5670057, -1798680, 
3656616, -356171, -196005, -6303953, 13360502, -11144307, -1560985, 13930757, -15018215, 6913848, 
-1336515, 3246941, -4638264, -1271479, 9208466, -10945470, 7668928, -5577789, 5558023, -3852257, 
-782730, 5828173, -7865366, 5839346, -3097633, 4064578, -6309080, 1578701, 10759377, -19292999, 
14354946, -1133077, -7903089, 8064816, -4701071, 4157720, -6297988, 6990165, -3036031, -4027055, 
9213557, -8598861, 4355675, -1548482, 1019333, 2484106, -9333600, 11607076, -4400730, -4406165, 
5139741, -1051205, 1178617, -6125649, 8355990, -4801156, -1042069, 5792937, -8815201, 9676826, 
-7647995, 3051806, 2114990, -4842160, 3916758, -1951167, 2731904, -4780609, 3126002, 3553306, 
-10231176, 11188710, -5955669, -1350084, 5336556, -3793736, 234438, 92980, 3340804, -5776649, 
3461009, 1855107, -5894881, 5856807, -3607412, 2836849, -3262769, -202600, 8048310, -11932989, 
5728912, 4049244, -7098448, 3532841, -679828, 1607729, -3277744, 2813422, -310983, -2403586, 
2570465, -908773, 677225, -2221203, 278716, 5030817, -6487636, 1814454, -169484, 5745209, 
-9128610, 2085273, 8010854, -10940066, 7961036, -5302256, 2365357, 2854740, -6509345, 4528915, 
-102614, -1940338, 1032099, 1046284, -2524395, 840679, 4043024, -7296245, 4235245, 2033885, 
-4874167, 1889107, 2364988, -2644623, -2248075, 6922987, -5741996, 92932, 2453529, 9941, 
-834421, -3737521, 7500560, -4143127, -2729312, 5561041, -2783587, -713751, 587772, 3130918, 
-6244054, 4625162, 805512, -4663133, 4155787, -1851007, -50139, 1955624, -3806406, 3062687, 
-426113, -498486, -2061243, 5022835, -5437450, 2392623, 3231840, -8401695, 8651482, -3105256, 
-1845760, 1446035, 1143770, 564953, -5351948, 7661284, -5821155, 3734134, -2961007, 1794233, 
1320264, -4595885, 5267290, -2161227, -1498108, 1390276, 1979120, -2455901, -2919987, 8600250, 
-7346092, -171483, 6265938, -5237963, -119145, 2186521, 1755304, -5134526, 2226055, 3283666, 
-3196420, -971340, 1618215, 3157166, -6367702, 3404549, 2898441, -6458078, 4393325, 608584, 
-2456174, -470251, 2217524, 1810913, -6668563, 5410673, -622478, -7275, -2824256, 2415248, 
2749355, -5886779, 3578360, 134392, -285964, -1087716, -406560, 3893453, -3926984, 98705, 
2307746, -615730, -1215741, 596874, -162649, 1050317, -10730, -3890292, 5329383, -2210115, 
-1504872, 2211557, -1918365, 1421177, 1144318, -4369278, 2568009, 4157665, -8079443, 4283986, 
2002655, -3623218, 512519, 2546231, -2970069, 1314313, 1504322, -3875525, 3477336, -377982, 
-2176152, 1487947, 552891, -1182170, 321147, 84203, -429445, 1965921, -3544965, 1790436, 
2113526, -3264309, -650030, 3909025, -1511583, -3678627, 4234391, 386214, -3976395, 2649115, 
-692563, 2358491, -4886916, 1946243, 4689902, -6699494, 776679, 5580243, -5097137, 366231, 
1208382, 2102865, -5992912, 5903518, -1263886, -4505700, 5762094, -1526842, -2607501, 1264318, 
2428820, -2354268, -947832, 1636621, 831400, -1507339, -1129191, 2873623, -1659805, 23203, 
897375, -2452316, 3310194, -1134854, -1370505, -447213, 3953221, -2857859, -2353426, 4950280, 
-2905500, -324919, 1525087, -486938, -2414174, 4620524, -2780621, -2132651, 5031406, -4105779, 
2743231, -2695684, 1449440, 2585820, -5475899, 3339888, 2228813, -4474935, 1018984, 3024857, 
-1542741, -3307654, 5167752, -2797329, 709273, -767656, 846144, -23745, -279189, 54062, 
-706801, 1801259, -1554846, -563769, 3029690, -4168167, 3583575, -2163642, 1130699, -37975, 
-1393955, 2634471, -2255660, 911683, 386282, -1240228, 2639831, -3953158, 3983671, -1793742, 
-745131, 1496480, -628595, 759953, -2780780, 3916927, -2081936, -1519248, 4156525, -4613411, 
3031802, -481330, -1056266, 1120425, -1218066, 2366163, -2961581, 2060461, -1104002, 1687936, 
-1999692, 118761, 2922589, -3825466, 2301464, -898303, 581101, 562221, -3327170, 4899802, 
-3804343, 2332170, -2510069, 2412418, -42036, -3016748, 4166174, -3847767, 3207887, -1847050, 
-864557, 3786258, -5440320, 5319702, -3026371, -143712, 1299147, 515511, -1205018, -2265072, 
5988293, -4315628, -1013070, 3072358, -392842, -1415432, -937827, 3572228, -2457737, -1073080, 
2486773, -1081118, -893585, 1236414, -365082, -457577, 317506, 876628, -2228481, 2199995, 
-444483, -895759, 240407, 1081834, -365564, -1652519, 1977600, 238531, -2351168, 2142465, 
-925016, 896422, -2095063, 2229405, -40090, -3317300, 4985099, -3497387, 172264, 1958894, 
-1667880, 517173, -755226, 2259993, -2645179, 433437, 2416706, -2812101, 913560, -132734, 
1750450, -3121667, 1814909, 177071, 493, -1036075, -5895, 2239112, -2682152, 937484, 
515374, -1224262, 1574047, -1660906, 1239932, -992049, 688334, 10144, -286830, -524903, 
622757, 927303, -1623562, -231328, 2290332, -1813541, 305690, -221762, 1089071, -1296021, 
401462, 730528, -1455346, 782752, 650515, -1476978, 785510, 503468, -1632391, 1944160, 
-1131421, -197769, 508965, -96774, 941329, -2659629, 2563316, -114886, -1527859, 647438, 
625008, -409835, -497761, 1144089, -1590953, 1560550, -810586, 119900, 218298, -1592571, 
3204276, -2212377, -1316188, 2915397, -958347, -549275, -1301190, 3117087, -1434967, -1528385, 
1787010, 126452, -748031, -660461, 1845734, -1598951, 704562, 235162, -1111543, 1404770, 
-749612, 130009, -671833, 1475644, -1152453, -26465, 328344, 750408, -1776706, 878521, 
1267872, -2164880, 585913, 1007958, -123584, -1933617, 2089394, -244708, -1003483, 617053, 
93258, -11923, -451128, 367652, 650266, -1699007, 1371112, 477927, -1684193, 613125, 
1306160, -1319353, -768719, 2297640, -1302336, -976165, 1694000, 199141, -2343991, 2017211, 
412910, -1660560, 346963, 1307698, -879098, -386238, 138254, 1230808, -1148350, -735280, 
2331484, -2124286, 1250674, -1272721, 2150091, -2343223, 1116198, 747185, -1364748, 307598, 
881605, -572747, -536124, 704202, 189607, -543345, 26637, 284189, 76356, 155305, 
-1354394, 1730688, 180533, -2256517, 1727467, 442086, -213772, -2669134, 3842584, -1137672, 
-1883977, 1723559, -161950, -13998, -202576, -1093537, 2235419, -1150852, -899761, 1567808, 
-1870943, 3099243, -3609103, 1337977, 1393518, -1319879, -906639, 1831758, -699227, -318536, 
135661, 284439, -405788, 631643, -823317, 152565, 971314, -1110121, -12393, 906420, 
-797850, 420841, -827969, 1142452, -738831, -161090, 499673, -506914, -51214, 1099401, 
-2104253, 1484651, 163621, -634031, -144254, -288798, 2273859, -2513166, -286331, 2388860, 
-1001461, -1167099, 976425, 463200, -591018, 39487, -598990, 1680385, -1763519, 661222, 
293331, -298376, -330322, 270657, 603358, -1064790, 512879, -241321, 653706, -144094, 
-1520793, 1903758, 121196, -1947089, 1495118, -271721, 547463, -1504362, 1023320, 820961, 
-1885997, 906310, 1034369, -1862421, 894333, 698404, -1124583, 302177, 261565, 438087, 
-1451292, 1613738, -1211737, 761077, 493152, -2370484, 2691307, -531107, -1196891, 90463, 
1903413, -1403396, -849467, 2036186, -1401595, 660907, -233065, -357640, 601022, -13405, 
-363732, -583199, 1778231, -1659434, 857652, -333915, -589979, 2436941, -2999876, 1004577, 
1028585, -574454, -593117, 284649, 611482, -481074, 437616, -1253803, 1523393, -526789, 
-373615, 555237, -756680, 637282, 264371, -745367, 10384, 176435, 1213123, -2277635, 
1130009, 540165, -981903, 826627, -827540, -59659, 1490626, -1000728, -1094439, 974631, 
1613695, -1877544, -1561990, 3327659, -259691, -3018006, 1886802, 1220736, -2298677, 1205075, 
10889, -726052, 246028, 1511622, -2460104, 934535, 725161, 87854, -1870552, 1222879, 
975063, -1500717, -158779, 916585, 42370, -513339, -945709, 1807111, -285020, -1727059, 
1101590, 1080813, -1189142, -1462997, 3831752, -3635667, 1479656, 694708, -1876945, 1372839, 
266951, -1356290, 1073246, -721253, 755769, 28033, -1535537, 1513973, -48580, -507558, 
-228655, -205318, 1732353, -1431352, -1039550, 2125077, -341774, -1454520, 627964, 963744, 
-711308, -425850, -181505, 1864290, -1211083, -1539120, 2293419, -45722, -1278468, -447375, 
2054578, -822164, -1280169, 1868026, -1456884, 1009068, -546651, -74091, 622686, -1437622, 
1971997, -926780, -1252939, 1796354, 179614, -2043593, 1181145, 1223634, -2293123, 1495769, 
-389848, -127334, 798603, -1155913, 286465, 988686, -567518, -1171543, 1387725, 307641, 
-1407916, 461200, 1174340, -1871507, 920062, 924260, -2107522, 1210285, 132722, 273212, 
-1807263, 2300995, -1351263, 367220, 159684, -427719, 523552, -751557, 994533, -40415, 
-1992007, 2548012, -83091, -2001930, 420776, 2233653, -1023193, -2969708, 3550443, 275042, 
-2814815, 406596, 2509274, -1373382, -1993938, 2694614, -840227, -360678, -10947, 143930, 
456623, -20446, -1352408, 1440423, 692389, -1999032, 139600, 2529447, -1622787, -1304400, 
1311631, 2079410, -3211780, -287458, 3620327, -2564703, -705706, 1909497, -383128, -1616151, 
2596994, -1972750, -94276, 2082077, -2257011, 585085, 1481407, -2135450, 755217, 1706519, 
-2312027, 156477, 2371032, -2321109, 310638, 1327377, -1273119, -322377, 2125972, -1789034, 
-871749, 2525368, -457186, -2187172, 1533702, 852604, -800147, -850724, 686211, 758121, 
-235514, -905337, -360393, 2595630, -1477376, -1670693, 2034479, 1307705, -3616925, 2374022, 
370483, -1472359, 640059, 558280, -606713, -595480, 1860557, -2040834, 1292325, -153642, 
-1106589, 1459750, -196004, -1589468, 1392098, 1030753, -2492931, 1043597, 1558246, -1843944, 
-86791, 844641, 594745, -905342, -1459495, 3031709, -1332241, -523162, -305642, 998871, 
649979, -1709818, -318127, 1959829, -249031, -2378027, 2479166, -699424, -1322992, 2889431, 
-2991712, 847570, 1102878, -458578, -1777389, 2058504, -90398, -2279682, 2886911, -1539730, 
-783842, 1861131, -1249553, 379585, -793564, 1092371, 89079, -1734521, 1552410, -538088, 
618127, -1593142, 968477, 934452, -1664448, 456203, 320598, -26385, 26285, -1055326, 
1200045, -254774, -334584, 232552, -1239457, 2412129, -873644, -3241986, 4590974, -1316152, 
-2383987, 2180571, -315818, 302303, -1188793, 286024, 1181856, -855468, -1055175, 2046811, 
-1400648, -171290, 1145999, -403609, -1451032, 2097472, -735588, -864634, 525492, 831631, 
-1130659, -231861, 1624831, -1377446, -96657, 1016114, -804861, 516262, -750867, 846631, 
-314935, -250615, 557719, -660056, 710480, -754614, 946128, -695448, 49284, 396119, 
-210163, 81871, 3547, -499796, 788479, 164003, -928436, -179133, 1400115, -82959, 
-2364104, 2243504, 55605, -455075, -1538580, 2274214, 229685, -2755818, 2162134, 30282, 
-395755, -892350, 1245170, 59317, -1001508, 728492, -566305, 1305729, -1807725, 1071518, 
705986, -1740762, 923247, 1174969, -1848929, 28530, 2301808, -1991828, -747956, 2925423, 
-2217760, -291211, 1595055, -618423, -587697, 168931, 520110, 550073, -1907758, 628059, 
1943239, -1744594, -1418523, 2883399, -512169, -2265244, 2006641, 240969, -1412925, 1176353, 
-978346, 1161934, -841129, -193985, 856863, -669998, 259166, -487601, 1133280, -1281670, 
350522, 642755, -553090, -624306, 1236762, -365648, -798844, 217139, 1463620, -1908012, 
181291, 1488590, -1567207, 475595, 759528, -1786564, 1897545, -536825, -801135, 285723, 
1398876, -1387980, -901325, 2989527, -2809782, 868928, 572826, -534443, -617409, 1111401, 
-329447, -1119616, 1550496, -1021973, 632096, -574501, -256715, 1938752, -2285842, 304281, 
2044277, -2248921, 873323, -7626, 153483, -16118, -334905, 164017, 322038, 229092, 
-1042961, 473197, 1217703, -1723737, 764299, 300672, -843168, 1393235, -1096337, -465155, 
1641940, -593858, -1550062, 2358174, -966967, -887293, 1067835, 730938, -1541046, -218888, 
2253215, -1117595, -1399779, 1849900, -280090, -490484, 728276, -1183147, 833407, 973055, 
-1530727, 191926, 346355, 852437, -879311, -870547, 1032198, 910278, -1478082, -468637, 
1572768, -175072, -1097192, 733217, -36364, 292691, -297713, -542193, 1044646, -28126, 
-1143144, 749678, 862930, -1868118, 1506838, -946065, 191366, 1417998, -3340688, 3213392, 
-456913, -2305361, 2115607, 493460, -2433817, 1576554, 687122, -1782859, 747859, 504255, 
-741380, 393746, -952658, 1368134, -299916, -1258479, 963433, 306120, 263167, -2170929, 
1601592, 1354613, -2485999, 235673, 1536398, -687333, -562379, -470253, 2104249, -2035442, 
313092, 950622, -1127780, 372615, 915017, -2390884, 2152685, -25553, -1077121, -366785, 
1443705, 126633, -1231670, -787669, 2047663, 400537, -2887578, 1355613, 1096961, -733641, 
-843094, 841228, -711066, 1345162, -1430378, 369952, -379686, 1801298, -2174036, 422528, 
1129119, -649560, -504496, 471470, 354094, -565387, -313819, 1518401, -1956174, 941754, 
548675, -589831, -874817, 1888734, -1279197, -276670, 1314813, -702005, -1534717, 2932020, 
-1406774, -958158, 587840, 1449252, -1649812, 147230, 610267, -625232, 1083088, -318766, 
-2126919, 3156768, -1025486, -1051503, 874578, -232639, 713101, 7574, -2116121, 2586065, 
-395489, -886929, -560750, 1320507, 714650, -2140614, 135563, 2445972, -2261572, 1083493, 
-1294153, 1416106, 244928, -1758068, 1367296, -357393, 466812, -723654, 570652, -721827, 
1176361, -546483, -810974, 1229023, -625202, 526039, -132591, -1785942, 3142703, -807561, 
-2564801, 1712555, 2190497, -2731863, -867496, 2505130, -208901, -1418839, 255515, 374179, 
444624, 99662, -1856150, 1252523, 840825, -899760, -401677, 180059, 450836, 569038, 
-1065545, -897568, 1629282, 717141, -2117828, -334216, 2374481, -344250, -2394002, 1056618, 
1501920, -887526, -1554842, 543164, 3206165, -4215193, 929226, 1898968, -1586407, 358882, 
-694466, 1124689, -358262, -981799, 1487232, -1075181, 113668, 315150, 673934, -2118068, 
1539409, 640651, -1626028, -22428, 1385930, -478632, -994581, 37395, 2076782, -2465745, 
950144, -365918, 542968, 38847, -1159468, 982408, -181835, -455405, 1816709, -3317856, 
2026346, 1253549, -1389884, -1837383, 1911621, 2989619, -5774791, 2156005, 2594488, -2591667, 
470071, -738746, 1807359, -153589, -2460966, 1733553, 1298690, -1720021, -989336, 2143179, 
-261981, -1289527, 708325, -374696, 1572978, -1854087, 114410, 1818035, -2039980, 991520, 
177733, -478268, 165722, 283481, -48010, -264284, -6993, 1203407, -2122547, 1459094, 
430380, -1106065, -308466, 1563854, -618946, -753329, 568341, 663228, -745746, -88027, 
996771, -1096976, 106100, 1641023, -1942036, 351742, 1292892, -591601, -1015616, 1617966, 
-1307883, 1058342, -353965, -609441, 356988, 1182600, -1669417, 319735, 793032, -627612, 
91389, 255427, -467927, -404529, 1439137, 425797, -4048922, 3435218, 2590176, -5967805, 
2210662, 2843794, -2556972, -694990, 2148627, -1559053, 643701, 791987, -2180724, 1565973, 
97289, 14807, -2209962, 3009869, -470539, -2694000, 2346120, 1207982, -3030825, 277346, 
2696374, -1206138, -2673795, 3280718, -417781, -1936344, 1934681, -937881, 98700, 2391, 
598274, -339614, -1587824, 2702630, -1048007, -992053, 689819, 236914, 107274, -85291, 
-1550039, 1640924, 886563, -1781412, -1691467, 4315984, -1069777, -3425283, 1861671, 3230021, 
-3360337, -1615996, 3630391, 7652, -3005655, 1000371, 1846560, -1203309, -1209134, 1643206, 
-554514, 28819, -162713, 68684, -320673, 1073531, -839377, -1134927, 2937302, -2421477, 
-264510, 2551562, -2111052, -676893, 2175877, 327587, -4026881, 3650895, 752233, -3921861, 
2762973, 44908, -1156182, 109878, 1578003, -1968527, -640538, 4015923, -3199595, -2076909, 
4689989, -528623, -4379795, 3515553, -23618, -775091, 611583, -2517378, 2661072, 1132068, 
-3297589, 169226, 2586515, -849010, -2020232, 2783317, -2685387, 1115709, 2234033, -3005678, 
-1041497, 3042958, 844443, -3404306, -496512, 3892800, -1193522, -2275636, 601304, 2253785, 
-1067990, -1730470, 1653689, 173306, -456354, 65758, -1749598, 3163739, -511812, -3645902, 
2771173, 2170380, -3577824, -40662, 2322081, -877382, -236350, -841021, 1264974, -564497, 
564861, -971783, -119656, 2221452, -3294713, 2660955, -1074643, -242914, 82669, 1052549, 
-1121731, -1134061, 3521510, -3286063, 836085, 642053, 104207, -692922, -168861, 622765, 
322577, -5627, -2060927, 2246954, 1129341, -3061568, 704857, 1886019, -533756, -1602699, 
359516, 1503385, 37761, -2549129, 1486792, 1535005, -1942522, 495929, -763019, 1992547, 
-971399, -622643, -476897, 2391449, -817101, -2331331, 2506363, -140364, 364217, -2891293, 
3369823, -415184, -1813790, 1408837, -760712, 1548590, -1586822, 2861, 972330, 77392, 
-1006464, 256395, 385962, 222521, -492177, -435678, 718533, 558422, -1459037, 966270, 
-415167, 710590, -492203, -20866, -340861, 1408186, -134559, -2613151, 2770338, 669532, 
-2689812, 759870, 1051807, 347982, -2013949, 1349265, -651938, 1151725, -665211, -824624, 
9115, 1884958, -608381, -3152272, 4193117, -1787736, -490287, 1432068, -2266431, 2343085, 
-1047529, 236829, -881195, 588485, 1292694, -1667276, -852591, 3322758, -2714473, -166201, 
2402661, -1891145, -903958, 2137325, 411807, -3675873, 2812876, 1035556, -3052548, 1334553, 
994534, -1560400, 103318, 1645991, -1883932, 295384, 715236, -340768, -65321, -550794, 
221168, 607735, 233887, -2058475, 1265570, 1507457, -2340008, 417195, 794293, -261166, 
-833103, 1690134, -2350467, 1183163, 1730188, -3425764, 1990255, 330319, -703825, -273209, 
544039, -414947, 732760, -881511, 105007, 451995, -52611, 50342, -1751611, 3221284, 
-2367082, 96706, 372074, 1257221, -2002093, 408570, 1292381, -1049433, 405569, -937942, 
940396, 1142317, -3082378, 2038985, 425514, -1324571, 905715, -949245, 1209270, -517287, 
-244372, 205699, 439796, -923697, 1108355, 76628, -2279316, 2842594, -470145, -1860625, 
1228176, 931156, -1158538, 190376, -554852, 1636420, -378037, -2127190, 1681637, 1440556, 
-1828154, -1291483, 2864928, -868062, -79427, -1649081, 1984604, 523683, -1422681, -270381, 
812885, 400557, 346385, -2304132, 1543487, 797051, -58525, -2479689, 1513152, 1855342, 
-2172490, -648535, 1807372, -611429, 549937, -1046254, -1127706, 4186657, -3336940, -689603, 
2048107, 576753, -1992040, 46196, 1721957, -407871, -1231122, 534309, 981989, -1149768, 
407579, 203167, -475654, 5474, 980960, -462984, -1840228, 1912272, 1340610, -3338633, 
712153, 1935434, -491928, -2033243, 1522705, 64924, -317823, 846729, -2241811, 980075, 
3250804, -4792334, 1093507, 2330119, -639933, -2167338, 765866, 2779304, -2536689, -777102, 
1453082, 838886, -1466420, -806938, 1390314, 949733, -2358797, 775122, 354183, 722358, 
-1461946, -71551, 928947, 706608, -1868377, -560430, 3388716, -2411055, -1320355, 2620149, 
-575691, -1196675, 426849, 839742, -813175, 436384, -614968, 34916, 1849188, -2195365, 
-477361, 2747502, -1254495, -1835231, 1744420, 906146, -2159219, 376347, 2074750, -2849430, 
1115505, 1661801, -2500126, 620972, 1169279, -924142, 304432, -696525, 372108, 1042027, 
-1398711, -72890, 1105003, -617677, -732801, 1646123, -1313653, -522399, 1692128, -308800, 
-1493471, 906696, 664461, 69854, -1635061, 873677, 922235, -385203, -1115993, -350566, 
3167785, -2905194, -97282, 1446736, -943901, 1406947, -1903110, -149197, 2573855, -1434295, 
-1243084, 1103516, 843018, -1007567, -64847, -338168, 805813, 1104921, -3553933, 3098989, 
9627, -2665014, 3130893, -2010742, 404472, 505937, -366553, 401286, -1401032, 2199932, 
-1145674, -426770, -297191, 2154229, -1224997, -3133255, 5664586, -3213537, -641530, 1177229, 
801173, -843219, -1212802, 1708188, 276341, -1311199, -504075, 2286352, -1226819, -1272694, 
2826168, -2561915, 1411620, 431500, -1990935, 2108279, -1266630, 787893, -388432, -1025829, 
2286739, -1375520, -819309, 1053030, 1332880, -2800661, 934025, 2179223, -2369513, -73485, 
1657260, -738353, -166400, -946946, 2139676, -1191120, -719931, 1315245, -458503, -81816, 
649533, -1627876, 2229483, -1136440, -658387, 1821829, -2128806, 1908286, -663913, -859179, 
942103, 310043, -1033075, 600412, -444933, 722980, -241081, -1101059, 2130579, -1843001, 
956887, -6173, -472185, 231642, 135674, 46828, -1164280, 2085305, -1833930, 386979, 
1021312, -1215451, 1159479, -1661957, 1669765, -110860, -1578584, 1350493, 109490, -565854, 
-647108, 1969764, -2255821, 883227, 1557139, -3090997, 2151659, 17378, -668745, -310779, 
663196, 502555, -1765206, 1576469, -652481, -316296, 1018886, -1074156, 279843, 589830, 
-606263, 244578, -679997, 1331536, -1149851, 147976, 170830, 211515, 219932, -1638901, 
2009919, -166757, -1650855, 53264, 3178165, -3103965, -1246901, 4000651, -1219112, -2875639, 
2886098, 181233, -1765214, 525643, 620671, -585747, -197522, 776726, -851278, 291699, 
638022, -219599, -1188479, 993774, 2247680, -5224174, 3240118, 2440821, -5648015, 3505164, 
1818, -579098, -1129928, 2076958, -1209758, -1078246, 3375400, -3637473, 1132800, 1413137, 
-1799900, 1374914, -2166102, 3279140, -3119576, 1825968, 60238, -2229221, 2966366, -755106, 
-1969374, 1550961, 900311, -429233, -3169718, 4746285, -1586449, -2167895, 2626937, -913040, 
-104223, 236171, -174472, -649800, 1300040, 269269, -2783978, 2486604, 413380, -1485054, 
-476726, 1491911, 206816, -1731138, 792724, 975973, -969882, -469945, 1201422, 466593, 
-2854334, 2754561, 135812, -1982285, 829749, 596557, 30668, -1198405, 1124803, -436272, 
-400889, 1530961, -1724183, -281699, 2330012, -2281649, 1517170, -2188125, 2790627, -949591, 
-1912107, 2314239, -229804, -1398283, 1065649, 65754, -776546, 647986, 505232, -2162324, 
1942693, 509063, -1831638, -305762, 2382212, -86972, -3990115, 4156089, -722914, -1246608, 
428034, -521289, 2485656, -3229880, 1232728, 390527, 403463, -1472432, 303078, 1930056, 
-2890225, 2883505, -2732777, 1404886, 1505197, -3205192, 1943143, -253426, 304558, -556097, 
-761226, 2049603, -1783672, 1352845, -1206583, 272596, 834893, -394165, -524170, -554268, 
2144581, -1366844, -628154, 610921, 544633, -394740, -693287, 698093, -360712, 1030710, 
-1636018, 681396, 751969, -524718, -545364, -402126, 3570079, -4536520, 755052, 2843723, 
-1337914, -1556295, -774467, 5072514, -3047660, -2798035, 2766163, 2780736, -3514056, -2397556, 
4417434, 1130214, -4374680, -1462731, 7548885, -3924290, -5332675, 8049203, -2250975, -3225561, 
2982108, -199891, -877297, -219122, 3154911, -6241453, 5626243, -869610, -1830456, -274453, 
1355981, 2409442, -5616724, 3325068, 327047, -1395081, 1742205, -3000645, 2091902, 1240864, 
-3163090, 1731422, 1530691, -4226207, 3921927, 895786, -6570744, 6452984, 603705, -7716005, 
7753099, -870271, -4599020, 1407282, 6026401, -5678213, -4064539, 9453603, -2162353, -6419530, 
2990888, 5775198, -4052008, -6941881, 10441837, -1109530, -6528394, 1513411, 5331440, -1101198, 
-6972569, 3972502, 5701268, -5925009, -2170022, 3500397, 4004087, -6589170, 250733, 3721342, 
533178, -4156066, 502013, 4478823, -3834477, -916898, 3771611, -2954650, 67915, 2157567, 
-1767446, -901552, 2451112, -1318787, -597303, 1385770, -1946322, 2000231, 169274, -3507357, 
3617952, -1009715, 785136, -3125697, 2640719, 1832923, -4323193, 2618982, -1468137, 1919250, 
-148800, -2900169, 1986326, 442933, 2261085, -6526454, 3068936, 4255626, -4212278, -844634, 
-402319, 5498619, -3017822, -3843644, 3105663, 2859487, -2044131, -3799755, 3523980, 1637751, 
-2083345, -2238198, 3473031, -931460, -785422, 2231522, -4801827, 5426971, -1601279, -2921657, 
3427189, -956859, -586525, -964068, 3778364, -3374635, -1872997, 6415864, -3613400, -3100222, 
3897186, 2063108, -4526439, -1363050, 7261690, -4045241, -4291866, 7389706, -2142133, -4619371, 
6358436, -3351977, -125460, 1886084, -2229265, 1817290, -415154, -339959, -1757783, 4829116, 
-3333184, -3019613, 6280032, -1429836, -3794837, 849231, 5137883, -3081033, -4680095, 6201880, 
454839, -4543883, 1079426, 3276823, -2590404, -276355, 1683129, -2620220, 3415380, -1948131, 
-1773662, 3419325, -939409, -1991054, 1134915, 3049653, -5927389, 4000069, 1716600, -6209175, 
4428905, 1692231, -4096685, -617851, 5332016, -2393354, -3399264, 3118022, 1624488, -2184126, 
-1845820, 3098662, 349389, -3034718, 2626555, -1342785, -224535, 2440595, -2956829, 426973, 
1434513, -632909, -521910, 244628, -741897, 1697647, -637728, -1218801, 5638, 2467559, 
-1632263, -1177521, 754613, 1953983, -1962409, -934789, 1999335, -259473, -438550, -1488020, 
2509320, -357900, -2041745, 1422381, 740934, -1453599, 700873, -208564, -997821, 2912946, 
-2970079, -364975, 3272708, -2719591, 791184, -937663, 1390534, 557784, -3064979, 2176845, 
1050900, -1684121, -1240138, 3047491, -507368, -3141026, 2864574, 210853, -1806864, 1162010, 
-1210152, 2468639, -2342337, -7532, 1929690, -967627, -1911258, 3312160, -1245821, -2782349, 
4722223, -2684586, -1438191, 4070642, -3676750, 1294253, 652230, 199142, -3375906, 4552656, 
-734764, -3950676, 3493971, 338270, -587338, -2965058, 3673891, -406686, -1646443, 1347047, 
-2861305, 5056764, -1898627, -4553043, 5020470, 1656969, -4942841, -506240, 6525398, -3783983, 
-3654434, 6667074, -3648431, 837952, -778588, 829086, 1193561, -3157306, 3207142, -1566672, 
184224, -141940, 736737, -227615, -930216, 932861, -729047, 2446637, -3882272, 893905, 
3578039, -3203028, -728713, 1530708, 755909, -249065, -2787010, 2908530, 428882, -1942393, 
269213, 1249508, 210511, -2648050, 3161467, -973127, -1871008, 3429720, -3577247, 2415591, 
314603, -3031064, 2180214, 1928927, -3642011, -240062, 4873311, -3949754, -1316805, 4338314, 
-2269435, -1350678, 2134053, 239085, -3001178, 3695194, -1653870, -1749800, 3637224, -1928046, 
-1684255, 2492374, 1007118, -4433556, 1966765, 4498979, -7220396, 2214146, 4280353, -4165911, 
-1738473, 4798408, -1617846, -2438829, 2112013, -8346, 283117, -1635093, 631639, 1609094, 
-1981852, 529238, 806224, -1872567, 2905148, -2226345, -827691, 3501084, -2483090, -1847516, 
5488881, -4903092, 738411, 2388609, -1943766, -12379, 243690, 315207, 10955, -343765, 
15058, -899672, 3331702, -3737071, -37934, 3740222, -2697227, -1274763, 1782796, 2790405, 
-7010967, 5037201, 1220245, -4909243, 2771830, 655143, -382197, -2197760, 2465501, -46091, 
-1461694, 600617, 204280, 812987, -2187055, 1694274, 437129, -2142732, 2467765, -1885168, 
1001298, -49183, 77998, -1318112, 1280870, 1202875, -3531011, 2564335, 60056, -1309641, 
1089993, -649646, 301442, -876245, 2979227, -4058217, 627861, 5036655, -6761653, 3271764, 
767044, -1308883, -392980, 770976, 1240933, -3083359, 2223821, 166046, -852647, -238002, 
765050, 36518, -596708, 1057088, -2627274, 3680319, -1265111, -2919554, 3478660, 492881, 
-2819039, -142575, 3575109, -1683519, -2733414, 3516233, -717918, -928962, 331521, -120984, 
923821, -1122634, 537904, -587891, 945430, -700722, -404603, 1112007, -172774, -2314110, 
3651448, -1164540, -3091868, 4089986, -519666, -2688401, 2053043, 293520, -573018, -853469, 
1655734, -985779, -1112482, 3828290, -4876970, 1792476, 2530357, -2537344, -2065721, 4676356, 
-1510855, -3704446, 5438146, -3407764, 445882, 850575, 268174, -2410376, 2032958, 1738530, 
-4497774, 2336971, 2034635, -3090792, 125120, 2467627, -1130489, -2931981, 5255799, -2402224, 
-3428047, 5223908, -847961, -3551948, 1855497, 2499230, -3253898, -301084, 3047343, -2207881, 
-818261, 2489489, -742955, -2364310, 2362876, 1063895, -2560780, -483789, 3678476, -2491362, 
-961413, 2244786, -667487, -1302459, 2057178, -1216243, -1178208, 3026102, -2054716, -1460429, 
3692246, -1778625, -3194413, 6641154, -5175860, 634661, 2222608, -1138884, -875952, -59442, 
3458035, -5399299, 3905312, -482293, -1978652, 2342462, -2010569, 2882576, -5028262, 5782934, 
-2749526, -3113795, 7262781, -6478188, 2380302, 839718, -914157, -842173, 1609081, 435460, 
-4489230, 6538981, -3190942, -2848788, 4561407, -2894, -3366961, -847287, 8535897, -9061126, 
470864, 8322280, -8632581, 2904929, 554085, 1700644, -5270336, 3574023, 4005971, -11170666, 
10308703, -2718351, -2206545, -310813, 2449805, 3642996, -12630657, 13429485, -5404194, -1669409, 
2756726, -1690801, 3466173, -7059556, 8520647, -6127182, 1590424, 2950379, -6545937, 8530194, 
-7471007, 4072543, -1103685, -287547, 2204055, -4766099, 5062651, -2870456, 1106680, -402840, 
-1902802, 4893035, -4998020, 2833718, -2042683, 1610738, 2426251, -8574878, 10469569, -6698470, 
2528206, -685575, -1327289, 5319820, -8005274, 7160788, -5288341, 4550015, -2261873, -3541027, 
8803267, -8666584, 4665998, -1599698, 118915, 2327739, -5702237, 7251861, -6022660, 3446765, 
-784199, -1386054, 2648636, -3399374, 5093916, -7059988, 6057355, -558404, -5637010, 7655393, 
-4876454, 1581801, -1424478, 3497366, -3243173, -1585986, 6991792, -7599972, 3492758, 312472, 
-1538893, 1742303, -2255472, 2528487, -3416974, 4843850, -3914644, -1248459, 6096883, -5023992, 
-540356, 3665508, -1121666, -2753413, 2745823, 908590, -3270501, 1580038, 1011103, 30010, 
-3493346, 4024201, 130003, -3813936, 2572670, 1325415, -2176602, -1465779, 4372271, -2248360, 
-3469390, 6901832, -5952941, 3091980, -1437710, 708014, 593738, -2977343, 5193639, -5488065, 
3537957, -1571414, 967362, 371810, -3686018, 6296423, -6045936, 5147519, -4876948, 2093816, 
3319833, -6359284, 5020650, -3449317, 3855827, -3049111, -93023, 3385029, -5554180, 6729521, 
-5639569, 1539250, 3015282, -5593840, 5815207, -4475701, 2449330, -1135177, -134572, 3613368, 
-7808439, 8188411, -4150090, 282522, 1050937, -1922490, 3536727, -4221181, 3362861, -2569824, 
1709900, 1192176, -5903899, 7699670, -3589437, -2550128, 4182857, -1695208, 930680, -3505101, 
5065999, -3141856, 161820, 2258869, -4040173, 3921213, -1914821, 880752, -1828730, 440551, 
4902432, -8728328, 6247727, -270823, -3499937, 3895807, -3785437, 5264099, -7481842, 6874299, 
-1927824, -3942747, 5394260, -2997817, 1359969, -2022208, 2367386, -1775100, 967126, 775033, 
-3422032, 3323420, 770355, -3328412, 580940, 2660713, -211821, -5368542, 6727317, -2640184, 
-1132458, 1304235, -1150969, 4240037, -8206347, 8002512, -3470559, -926587, 2292657, -2519964, 
4377053, -7530170, 8430202, -4219897, -3330849, 7839503, -5733757, 1092510, 1238, 2468724, 
-3090526, -111135, 4384025, -5758564, 4223391, -2491683, 2433978, -2353939, -1062150, 7023678, 
-9827698, 6091833, 788834, -4354887, 3011620, -925368, 1830850, -4703119, 5117621, -1101766, 
-3843707, 4911019, -1627456, -602245, -1658508, 5148040, -3488080, -3214490, 7568525, -3918552, 
-3272490, 4946652, 1160588, -7147797, 5309420, 2806766, -8813695, 6827625, 526220, -5777273, 
4168086, 506546, -868257, -3845639, 6133407, -1370556, -4535010, 4684462, -1290043, 722533, 
-2171597, 624626, 3746975, -5564720, 3637448, -1321996, 455590, 317804, -1543289, 1942654, 
-1102050, -59771, 712630, -1160106, 1228814, -926185, -309707, 1759398, -1716537, -446273, 
2000319, -551331, -1562864, -101106, 3968170, -4168598, -894800, 5157048, -3752616, -146111, 
651325, 2069672, -2472938, -1377973, 4115986, -1389070, -3100787, 2587115, 1720095, -3008978, 
-634672, 3296785, -1490194, -1102589, 244658, 1390902, 337115, -4476835, 5602620, -1222172, 
-4738594, 5622253, -338228, -3944468, 549064, 6175790, -6567169, -569237, 6116495, -5013736, 
1156488, 382925, -226293, -301616, 1461091, -2228302, 268275, 2736786, -2610916, -1163151, 
4040052, -3135144, 125547, 1418741, -198240, -2647948, 3917627, -1384125, -2587345, 2703064, 
1496710, -4004730, 676655, 3563580, -2609141, -2464667, 5398218, -3235560, -1536225, 4259213, 
-1369536, -4789632, 6211093, 689648, -7761853, 5753224, 2129929, -4744551, 240834, 2877735, 
588040, -5032162, 3599201, 1881810, -4145092, 710504, 3022819, -2173936, -811888, 1325987, 
416426, -704904, -880156, 1846196, -1558083, 647536, 691885, -2264973, 2878814, -2144452, 
1199097, -128554, -1344560, 2426563, -1711596, 187521, 721355, -839300, 1197023, -1735810, 
2212653, -2205451, 1404657, 358107, -2021467, 2900193, -3611281, 4065032, -2614621, -1191757, 
4499109, -4308451, 1681387, 169104, -51947, -397237, -624944, 2393549, -3312217, 3048663, 
-2619715, 1454822, 1867508, -5686034, 5121925, 386326, -3666218, 272336, 4007600, -1116842, 
-6118598, 8074845, -2456764, -3524440, 4134644, -993893, -820082, -1480524, 6126913, -7609098, 
1750888, 7213593, -10126222, 3788962, 3597353, -3726802, -1698247, 3658630, 1048088, -6994891, 
7313056, -1931929, -4060083, 5833666, -3594967, 1567609, -2852049, 5246061, -3346844, -3236960, 
8314608, -6751122, 1387022, 1223766, 289007, -1707922, 86592, 3058356, -5042202, 4656778, 
-2151675, -1287506, 3484293, -3373532, 2168843, -1614796, 1274909, -267257, -1674596, 3218412, 
-2798613, 88712, 1915715, -370049, -2370138, 915130, 4874946, -8117328, 4446472, 2878735, 
-6836387, 4364866, 514842, -1322926, -3120575, 5244083, 221333, -7640358, 7573957, -770951, 
-4063474, 2073221, 2781355, -4401256, 145509, 6582521, -8684082, 3149162, 4548900, -7217794, 
4362009, -464964, -1372408, 209724, 2231864, -2180267, -1706932, 4604804, -1956611, -2828466, 
4274112, -2539171, 838168, 191707, -729727, -555049, 2318579, -1956937, -279564, 2409786, 
-4223341, 5171412, -2463100, -1736793, 1842704, 2104985, -2151289, -2678569, 5114856, -1553339, 
-1175272, 575428, -532119, 3181607, -2533219, -1995618, 4406294, -1384361, -1332292, -294715, 
2898115, -1949101, -1896449, 4402504, -3412302, -422947, 2592203, -403590, -3572990, 2859131, 
2016935, -4505335, 1242876, 2851281, -3059768, 370007, 2133435, -2613280, 578109, 2398436, 
-3277772, 883906, 1254025, -877800, -939587, 1116441, 654384, -3263393, 2935117, 1335482, 
-7343542, 7813110, -2925487, -3287341, 4732519, -2504267, 48849, -874829, 3537317, -1064074, 
-3498881, 2111382, 4428206, 2319990, -15001044, 5270909, 24218070, -21741562, -25192980, 51926709, 
-13236826, -41927769, 42945441, -2136637, -23942835, 11481948, 11945968, -16869495, -6952352, 32688602, 
-24512706, -13975759, 33802288, -12878079, -13664166, 12322375, 6239238, -14705643, 7668751, 10920567, 
-24494334, 17918607, 8192238, -21505822, 9829135, 7024066, -6571588, -1091888, 1750762, -120685, 
2229550, -1432501, -9082201, 15464217, -7592628, -6892067, 9140049, -1652729, -1705871, -3758488, 
6137624, -1004579, -3630149, 3442886, -2117195, 2591648, -1236297, -374448, 1015799, -1692139, 
4389408, -4188407, 58896, 2459295, -2161659, 2257534, -5252689, 3714094, 1778527, -6035558, 
1398388, 6615242, -5505746, -5599127, 11005250, -1541905, -2467911, -4546638, -327343, 22671954, 
-14191436, -37510035, 61411813, -7057362, -62598467, 60769977, -4707232, -33161525, 24386838, 1124894, 
-13176429, -5134407, 33598484, -28491455, -18710755, 49541157, -24921225, -15773417, 21044299, 623614, 
-11901966, 4721442, 13452146, -26397725, 19095583, 12120629, -32621574, 21085216, 6868504, -18474516, 
11066318, 2686696, -11535320, 7295484, 6198017, -12934433, 1276129, 8512379, -2027345, -11091384, 
8648373, 3895757, -11794501, 9103206, -2203364, -3419135, 4176615, -202088, 303122, -5736959, 
8576912, -317527, -8309204, 7529929, -548415, -1223660, -2389122, 2185275, 2316488, -6962795, 
5483691, -3193639, 264928, 2056239, -5557143, 4575808, 1757643, -3456254, -5037806, 10797992, 
4241463, -17481379, 486124, 26172388, -7701588, -36890195, 28924793, 37090366, -67851339, 15964996, 
43879996, -42838696, 3358138, 17737477, -13102349, -4512854, 16137323, -3643944, -26586794, 29944490, 
5067496, -29431429, 12888664, 10744717, -5339450, -10146784, 13369354, -3228897, -8861815, 20513453, 
-14084334, -7515045, 19442062, -5139514, -8196323, 1464080, 7817838, -2958257, -5035187, 2288613, 
-575890, 2859957, -2876888, -1868977, -893670, 5108324, -395582, -7480146, 2519015, 9113864, 
-7187691, -5816353, 12881376, -5669106, -3172869, 8276537, -6350522, -752221, 7956212, -4100424, 
-6222475, 5420922, 5285946, -9189995, -1605952, 6892262, -2444840, -3408374, 68855, 4047690, 
-6121488, 4490827, 3784222, -11305894, 9712151, -1517716, 2482478, 1316065, -15063180, 14452357, 
16149223, -22195662, -31371029, 71424644, -17096222, -77272906, 88127007, -15265404, -42943791, 34751080, 
-4906208, -8591221, -1954968, 22716637, -26900938, -8987921, 49833396, -39186153, -9221198, 30783309, 
-8409692, -9504444, 2556624, 12589229, -16698182, 13152345, 4913676, -26289076, 27614467, -1097069, 
-21678080, 19087070, -4309697, -5835317, 8232981, -5678421, -5731634, 10090322, 1182834, -13521423, 
735686, 19587981, -13432517, -14775606, 22660485, -1084639, -12429317, 1433884, 8245060, 3233684, 
-13230510, 8092763, 804061, -2372739, 5456165, -7954391, 591622, 4977153, 1988284, -8445070, 
-4613759, 14413677, -5435528, -6944696, 1278244, 2718758, 9032843, -15975909, 5499469, 6872254, 
-7807394, 10391898, -3972156, -15938278, 18610250, 19213775, -32966674, -31646417, 93307392, -39861414, 
-79435993, 106963752, -24280753, -46991898, 35858856, -2009295, -3692567, -12006020, 26750073, -25359581, 
-10532107, 54917081, -46066478, -11951430, 42216961, -10543622, -20669985, 9217386, 19940731, -25637893, 
11997133, 14275532, -36235277, 28617539, 13093960, -38358422, 14091406, 20770887, -18384675, -7015552, 
10497631, 4173339, -12161031, 5846730, 1695028, -11769908, 17169659, -6038557, -13182511, 12943597, 
5428390, -7800678, -10868992, 19462965, 368869, -20124950, 19776465, -6298091, -4226745, 11271410, 
-10684146, -262802, 5959427, 3120015, -13320164, 2858884, 11079820, -11481555, 1338846, 424052, 
85958, 3925649, -7515696, 8681626, -8780893, 6781966, 4050719, -9198292, 10441906, -14127574, 
8953407, 26089908, -44365548, -16238432, 98335755, -73668958, -53167605, 118790993, -52616256, -38161233, 
43162049, -939015, -15313278, -5527876, 33470926, -43636615, 10814794, 49167357, -65670914, 12406834, 
40676836, -25755983, -16283465, 21279541, 9969225, -29272461, 25941454, -3913595, -27297001, 44478340, 
-17021165, -30521122, 39328154, -3075782, -24648628, 12499562, 7021807, -9217890, 2238414, 1344202, 
-8942708, 8581184, 11179841, -26142273, 4499239, 27402250, -20028798, -11506834, 15782928, 8304924, 
-12951804, -4441878, 12148676, -3565535, 1465401, -1223964, -9063551, 12673990, 1816372, -12795469, 
1558343, 5174246, 5186766, -14286866, 3548484, 5643774, -4577988, 6827978, -15060229, 10297334, 
9689896, -14303826, 50949, 8792602, 3967525, -8407556, -4252368, 7349947, 9194476, -1676729, 
-42375892, 50295569, 19887514, -91919577, 66281823, 17260355, -55631900, 27025986, -442647, 3389338, 
-11815508, 7384076, 6488392, -26759211, 36418360, -11503304, -24938087, 27583157, 1875703, -9657973, 
-11657782, 23407190, -4111706, -15661709, 18305084, -9874400, 183310, 9455635, -9594590, -1625534, 
6191673, 2021731, -6916023, -4313891, 11553393, -2555965, -11425200, 11107384, -2596208, -3460745, 
4758746, -3613819, 981801, -2055597, 11668284, -16016683, 2144945, 21119715, -25392163, 7973290, 
9849236, -11167609, 4921710, -2897726, 3080497, -2861270, 1134764, 934099, -8140745, 10098308, 
-3260093, -7040017, 5601539, -1068996, 4731126, -10921527, 5593121, 5504491, -3895069, -624459, 
-4600349, 13439451, -5534127, -3090062, -1205171, 1394789, 14095052, -8262337, -32175973, 36793029, 
34065851, -97072455, 52835758, 41830566, -68810127, 20908251, 10492947, 1142262, -11227509, 352900, 
13319083, -24329028, 30169127, -10024984, -25978373, 35114940, -6057569, -13041970, 1145190, 12935186, 
-2861473, -11043940, 13610607, -7900821, -2434913, 17134764, -17532400, -3940252, 17732232, -2285503, 
-16394434, 5771599, 15084316, -14706830, -4255326, 16457489, -15646290, 4752561, 11670145, -18278611, 
4976019, 9387104, -973937, -12845184, 4375700, 17816175, -20178707, 2139042, 13295694, -14085505, 
7465768, 497520, -5279424, 805147, 3911534, 1429193, -13013355, 9968979, 4230771, -12347306, 
5406302, 1418150, -688780, -3411098, 4292422, -561825, -5087540, 9079066, -2683552, -6105940, 
7791329, -1117594, 311009, -2119458, -3339894, 10633767, -6608626, 1495668, -13189840, 18956232, 
9198829, -49645310, 45301132, 378331, -33144670, 25507067, -7717125, 3050912, -3896344, 1662426, 
3830029, -15801103, 27944237, -16188100, -15989931, 29167819, -5128358, -15007749, 860015, 21893652, 
-13749705, -11346032, 20022629, -8119482, -2899063, 6951682, -8492644, 6477000, 6290, -3805828, 
2757476, -6163570, 10946488, -3589430, -13836832, 15054153, 4081183, -13515728, -4025863, 19784719, 
-5504323, -19739953, 22320430, -3947284, -8199346, 7465687, -4722778, 5657846, -3922891, -1232273, 
4806666, -4289824, 1295544, -771265, 1078424, -15254, -3854882, 2301697, 2753183, -3216750, 
-4100926, 5731838, 2233378, -9533919, 7311215, -160021, -6901575, 12573352, -8643269, -5805085, 
