0
19
5
31
-46
66
42
-490
1596
-4243
-2611
-496
-1958
-907
-1218
-918
-862
-728
-606
-529
-451
-342
-308
-224
-157
-104
-53
2
28
77
117
158
205
210
241
262
261
288
309
321
338
354
342
340
350
369
340
351
336
321
321
309
301
287
307
276
245
248
230
210
193
207
182
180
171
171
171
139
140
136
120
119
115
84
81
79
84
68
53
20
11
-1
-18
-2
-27
-46
-53
-58
-70
-62
-69
-86
-90
-73
-76
-64
-46
-58
-40
-65
-51
-57
-74
-41
-68
-79
-77
-61
-53
-66
-50
-70
-70
-64
-78
-65
-88
-54
-65
-53
-54
-60
-44
-50
-48
-59
-63
-60
-64
-71
-74
-122
-110
-120
-99
-77
-89
-111
-108
-100
-114
-97
-81
-71
-52
-63
-69
-66
-82
-95
-103
-81
-108
-88
-111
-116
-118
-111
-94
-92