0, 20, 8, 37, -39, 76, 59, -489, 1647, -4300, 
-2959, -988, -2572, -1665, -2093, -1914, -1967, -1937, -1911, -1924, 
-1931, -1901, -1941, -1927, -1924, -1930, -1934, -1930, -1951, -1946, 
-1946, -1941, -1925, -1948, -1942, -1943, -1964, -1955, -1949, -1949, 
-1941, -1931, -1947, -1952, -1943, -1922, -1948, -1933, -1943, -1953, 
-1947, -1952, -1952, -1958, -1928, -1948, -1969, -1956, -1963, -1972, 
-1979, -1954, -1968, -1959, -1957, -1946, -1934, -1955, -1944, -1937, 
-1942, -1932, -1924, -1944, -1937, -1929, -1913, -1918, -1923, -1948, 
-1950, -1956, -1968, -1947, -1967, -1983, -1988, -1991, -2002, -1993, 
-1999, -2016, -2021, -2004, -2006, -1993, -1973, -1983, -1963, -1986, 
-1970, -1974, -1990, -1955, -1980, -1991, -1989, -1972, -1962, -1973, 
-1955, -1973, -1972, -1965, -1978, -1964, -1986, -1951, -1960, -1946, 
-1944, -1947, -1927, -1928, -1921, -1927, -1927, -1920, -1920, -1923, 
-1922, -1968, -1956, -1966, -1945, -1921, -1931, -1952, -1949, -1941, 
-1955, -1938, -1921, -1909, -1887, -1895, -1899, -1894, -1909, -1922, 
-1931, -1909, -1936, -1916, -1939, -1945, -1948, -1942, -1925, -1922, 
