12
550
1136
758
2062
-1149
4401
-4734
-7721
-375282
-730448
-701115
-743673
-610229
-376647
-651646
-727750
-698318
-692412
-675615
-666862
-655521
-651915
-651192
-652880
-659222
-667734
-674165
-681668
-686553
-688869
-686480
-690762
-685660
-692652
-620339
-326160
-540494
-690797
-668872
-688655
-682543
-689258
-690851
-696511
-699804
-699691
-691174
-681978
-677372
-680231
-690717
-659774
-701721
-592343
-797479
-453631
-1002985
4193469
8181202
2482714
-238296
-816259
-680522
-740663
-710658
-726556
-724009
-716115
-708844
-708345
-709950
-714274
-719237
-715283
-701120
-690302
-684790
-678304
-673463