-6822
-67546
-248544
-499324
-668354
-713488
-712152
-712686
-716070
-716572
-674846
-536600
-391778
-418304
-579338
-692140
-715126
-709214
-702042
-695002
-688534
-682412
-676474
-670752
-664916
-659206
-654396
-650734
-648306
-647328
-647418
-647790
-648576
-650448
-653578
-657682
-661868
-665492
-668746
-671844
-675100
-678634
-681606
-683212
-683722
-683842
-683898
-683974
-684252
-684690
-684866
-684284
-682756
-680614
-656286
-549066
-381616
-332502
-466018
-612494
-664434
-670286
-672958
-675818
-678084
-679714
-681136
-682294
-683052
-684214
-686324
-688620
-690536
-692476
-694618
-696074
-695894
-693780
-689670
-684490
-679924
-676666
-674382
-672604
-671202
-670204
-669328
-668032
-666182
-664350
-662786
-661404
-660434
-660370
-662108
-665768
-670258
-674830
-659310
-195344
2010110
5953544
8191482
6625062
3813284
1755032
216938
-596706
-719512
-710148
-718754
-718198
-718624
-717206
-715066
-713096
-711734
-710556
-709394
-708104
-706752
-705638
-704806
-704312
-704164
-704386
-705240
-706672
-708720
-711490
-713954
-714722
-712864
-707818
-700678
-693802
-688522
-684848
-682100
-679326
-676106
-672844
-670070
-668014
-666608
-665424
-664596
-664664
-665460
-667078
-670700
-676888
-684090
-690660
-696514
-700988
-677198
-565162
-406402
-383198