-2
-47
-41
-62
-37
-22
-110
9
2261
27697
35081
27991
27104
23784
22482
21098
18665
17057
15898
13772
12157
10083
6321
3128
2053
247
-683
-168
-1047
-1764
-574
-717
-2123
-2200
-2497
-4001
-4618
-4203
-5002
-5331
-4661
-5635
-7463
-7228
-7710
-9566
-9418
-8979
-9504
-7360
-4645
-4625
-5498
-4758
-6104
-6912
-5723
-5636
-7362
-6748
-5529
-6461
-6427
-3629
-4969
-6634
-4918
-4863
-6239
-5057
-4150
-5881
-4488
1561
-4586
-6760
-4092
-5986
-5870
-4790
-5699
-6112
-4283
-4359
-6050
-5239
-4032
-4435
-3949
-2748
-2844
-2958
-1414
-1596
-1723
-3
706
185
-161
-611
-1906
-2264
-1474
-2300
-2992
-2089
-1750
-1517
712
2194
1455
1769
2566
1002
1604
2826
793
-599
1260
790
-909
1212
1486
-902
-49
1036
157
2280