173
50
170
204
107
26
170
153
170
102
102
149
102
89
85
85
85
139
85
45
82
203
76
171
73
180
106
177
154
170
122
165
102
153
85
153
85
83
149
83
53
75
82
210
179
50
115
38
202
154
170
105
154
153
102
89
149
89
85
84
229
76
211
83
51
44
202
204
155
49
169
201
166
170
89
153
105
148
234
77
88
216
211
85
51
51
75
50
202
178
198
170
172
90
154
153
166
89
102
86
85
86
77
57
77
52
181
74
204
172
202
170
178
106
169
170
90
153
107
149
102
85
100
216
214
45
77
76
204
203
74
178
171
42
155
38
154
166
102
153
102
86
89
57
85
85
53
77
76
181
50
173
44
156
178
107
26
154
166
105
165
153
101
149
101
58
51
147
83
77
75
75
50
202
204
108
155
41
169
170
150
150
165
101
153
78
147
100
214
45
83
52
204
204
179
28
172
167
42
108
91
21
169
165
102
101
142
85
116
216
205
140
211
52
203
51
42
178
201
172
154
166
170
90
102
102
101
86
101
83
149
84
184
212
181
50
180
202
117
41
178
107
26
106
105
166
90
86
101
101
83
152
213
75
146
212
180
204
170
212
106
202
107
26
154
154
101
169
101
102
85
85
149
77
83
83
83
50
210
203
42
202
177
170
170
153
166
165
169
89
89
149
86
77
88
184
211
76
205
44
179
42
178
169
202
166
166
169
102
153
102
86
85
149
56
227
85
52
181
45
44
202
203
28
156
167
38
154
165
166
102
89
149
86
99
85
85
51
140
205
51
50
178
202
172
167
38
169
197
170
86
153
101
153
57
99
88
211
99
51
84
172
204
173
41
202
201
170
154
170
89
154
150
86
89
88
228
217
53
83
76
205
75
50
178
202
170
201
177
155
22
166
102
102
89
101
85
149
83
88
205
82
212
179
50
179
42
171
41
170
170
150
106
153
102
86
101
86
78
84
213
83
76
211
52
172
179
39
70
178
110
169
166
154
105
101
153
86
99
101
53
141
53
75
84
171
82
171
50
169
202
170
106
106
102
150
153
89
101
89
54
83
99
53
76
181
74
179
71
44
114
169
178
105
169
166
149
166
86
100
229
99
88
211
84
212
173
82
172
202
178
171
26
170
165
170
150
106
85
153
89
99
85
141
83
84
205
51
50
210
116
172
108
155
26
106
165
166
150
117
149
149
99
148
214
51
77
83
43
82
173
39
50
108
155
26
105
170
90
86
105
89
85
89
57
53
54
45
45
76
172
203
42
177
202
108
106
106
90
153
150
101
102
77
149
85
138
214
74
213
44
178
203
43
39
42
113
170
165
154
166
85
166
85
101
99
85
78
75
88
116
210
180
202
116
198
171
26
108
105
106
153
90
89
149
86
85
98
227
85
51
76
210
204
178
178
170
172
166
170
102
170
86
106
85
150
86
54
77
147
54
50
213
44
203
44
178
170
178
154
150
154
89
150
101
86
85
85
85
51
141
51
52
179
44
172
171
27
38
170
154
106
149
169
101
149
149
149
57
84
213
53
75
75
82
172
204
155
49
172
102
198
154
105
105
150
89
101
89
54
83
85
77
52
211
44
203
74
170
203
26
169
171
21
169
165
154
85
153
58
56
217
52
214
43
84
202
210
203
42
178
114
170
106
154
105
166
101
153
89
89
84
229
84
213
46
44
212
171
75
216
128
0
64
0
0
0
255
255
255
255
192
0
0
0
0
255
255
255
255
0
0
0
255
255
224
0
31
255
128
3
255
1
234
84
229
141
85
53
52
211
51
50
202
202
206
114
170
166
154
166
102
150
149
149
150
83
101
53
141
51
83
75
45
50
178
157
42
169
172
102
169
154
90
89
149
150
84
230
53
83
78
51
76
180
203
43
44
156
170
170
166
108
90
102
150
101
102
85
85
149
53
84
212
181
75
45
44
172
171
41
202
108
105
170
101
166
102
89
89
89
53
149
53
77
77
75
75
50
210
157
42
177
169
178
233
169
102
165
150
89
89
85
86
53
54
51
75
139
50
204
178
171
42
167
42
153
170
105
150
153
89
149
148
229
88
205
85
52
203
83
44
172
202
170
202
154
177
106
109
166
149
153
101
149
86
77
141
84
211
77
74
210
210
171
43
41
201
177
169
154
166
90
89
149
150
83
152
213
84
211
84
180
204
180
171
70
202
170
156
169
154
165
166
157
153
149
147
150
77
85
77
77
52
210
180
178
179
28
170
114
170
105
169
165
169
90
85
165
57
99
88
212
212
212
204
210
204
178
171
44
154
198
170
105
169
165
153
153
212
234
53
89
53
83
84
211
45
75
50
178
178
170
170
170
169
154
153
154
101
153
89
86
85
57
83
85
76
181
75
51
44
171
44
156
156
108
102
169
153
166
101
105
118
85
100
214
53
77
53
52
179
51
43
44
156
198
170
197
156
105
165
166
89
149
89
149
54
85
51
141
75
83
44
204
171
44
170
170
170
106
169
105
166
102
86
101
142
85
85
85
77
75
85
43
75
50
179
27
42
170
108
153
170
90
105
90
89
85
153
56
214
53
53
52
211
50
204
202
179
26
201
178
106
106
153
154
90
101
89
101
86
54
53
77
84
210
205
50
204
178
116
155
42
166
169
169
166
102
149
153
147
150
85
57
53
84
211
51
77
42
205
27
49
177
177
170
154
105
169
102
90
85
149
149
85
83
227
83
76
205
75
43
74
171
70
177
170
169
113
166
102
105
101
102
57
142
53
141
84
205
82
211
74
179
50
177
178
167
38
197
170
102
105
153
89
149
149
85
89
51
100
245
75
76
180
178
202
172
170
177
113
170
165
166
150
153
89
149
101
57
141
83
85
52
211
45
50
203
43
42
170
171
26
106
106
102
105
149
153
101
85
147
147
99
77
53
204
173
74