0
7
27
-5
66
-139
385
-724
1107
-864
-5181
-761
-2297
-1951
-1911
-2009
-1931
-1960
-1921
-1912
-1937
-1909
-1919
-1941
-1920
-1928
-1934
-1929
-1940
-1953
-1942
-1949
-1928
-1935
-1952
-1934
-1959
-1959
-1951
-1949
-1947
-1934
-1938
-1952
-1950
-1929
-1933
-1946
-1930
-1955
-1947
-1953
-1949
-1959
-1944
-1928
-1968
-1960
-1959
-1965
-1981
-1964
-1959
-1968
-1955
-1956
-1934
-1946
-1953
-1936
-1940
-1939
-1924
-1934
-1944
-1931
-1922
-1913
-1920
-1935
-1954
-1947
-1969
-1954
-1955
-1976
-1987
-1988
-1997
-1999
-1993
-2008
-2022
-2012
-2004
-2002
-1981
-1977
-1974
-1970
-1987
-1959
-1996
-1964
-1967
-1985
-1996
-1978
-1966
-1968
-1966
-1958
-1980
-1964
-1974
-1969
-1975
-1975
-1945
-1964
-1934
-1956
-1930
-1933
-1918
-1930
-1923
-1929
-1911
-1932
-1909
-1953
-1963
-1960
-1960
-1931
-1919
-1947
-1952
-1943
-1947
-1953
-1924
-1919
-1894
-1889
-1899
-1896
-1900
-1917
-1931
-1917
-1922
-1931
-1918
-1951
-1941
-1953
-1926
-1929